0	1	1973
0	2	4253
0	3	5341
0	7	7997
0	8	942
0	10	2468
0	11	4341
0	13	7353
0	14	2905
0	21	1390
0	25	2494
0	26	4205
0	29	7674
0	31	5841
0	34	2185
0	35	4775
0	39	5728
0	48	8847
0	58	973
0	63	4586
0	65	3133
0	67	3885
0	69	6615
0	79	1631
0	80	4693
0	86	4364
0	90	3351
0	92	5839
0	99	4211
0	103	4548
0	106	1640
0	110	2709
0	115	4772
0	117	6766
0	119	4353
0	123	5128
0	127	2714
0	137	2772
0	139	5637
0	145	3217
0	151	3338
0	153	4048
0	161	1111
0	166	4898
0	169	6667
0	176	3995
0	178	4596
0	196	4714
0	199	4692
0	203	1618
0	207	3614
0	208	5542
0	209	6626
0	215	4183
0	223	4335
0	225	1272
0	229	2698
0	237	5042
0	253	6761
0	257	3374
0	262	7997
0	263	1784
0	277	2135
0	281	3001
0	283	1544
0	288	8682
0	305	1268
0	309	455
0	316	978
0	318	8174
0	324	412
0	350	8441
0	360	5411
0	361	5588
0	367	3364
0	369	5675
0	372	4873
0	398	2788
0	406	4716
0	418	572
0	424	3677
0	429	1076
0	442	7764
0	445	3890
0	452	1774
0	455	4997
0	458	5787
0	463	5648
0	467	1588
0	475	6108
0	476	2103
0	485	5184
0	487	510
0	489	2967
0	494	5298
0	506	2804
0	513	4390
0	515	4310
0	518	1581
0	523	4204
0	531	4703
0	534	8247
0	535	2751
0	537	1915
0	539	1921
0	540	1183
0	548	3063
0	576	3041
0	579	3662
0	585	4215
0	591	7045
0	599	5617
0	603	3889
0	609	8497
0	616	783
0	631	2609
0	632	2132
0	650	2232
0	654	4955
0	657	3320
0	660	1996
0	664	1645
0	672	5776
0	675	5244
0	683	5828
0	684	5096
0	708	2730
0	712	7274
0	724	5550
0	727	3840
0	735	7782
0	736	3299
0	740	6635
0	748	2244
0	751	5192
0	767	2302
0	779	3381
0	782	7858
0	786	4997
0	791	6521
0	794	816
0	805	7837
0	811	6221
0	815	6155
0	818	3924
0	819	1169
0	821	371
0	827	2093
0	833	5041
0	835	3084
0	841	5375
0	849	4635
0	855	7010
0	862	4362
0	889	5405
0	893	2408
0	895	3561
0	902	4043
0	910	4093
0	913	2128
0	920	2684
0	922	1149
0	932	8343
0	935	3372
0	941	2456
0	948	4908
0	952	4987
0	959	3297
0	964	2781
0	970	4115
0	973	4625
0	985	1266
0	991	7220
0	995	6039
0	1003	5679
0	1007	4109
0	1014	7718
0	1021	1701
0	1023	4292
0	1038	5340
0	1042	7132
0	1048	7524
0	1051	4481
0	1053	2878
0	1058	5877
0	1062	3916
0	1078	6328
0	1097	5274
0	1114	2873
0	1126	3811
0	1134	559
0	1136	3724
0	1139	5450
0	1142	6981
0	1155	5122
0	1156	4175
0	1160	5730
0	1165	7082
0	1166	1129
0	1167	8429
0	1169	5158
0	1191	6617
0	1197	4621
0	1205	7259
0	1219	4786
0	1223	6847
0	1246	2330
0	1257	7227
0	1260	2666
0	1266	5914
0	1267	3981
0	1273	8130
0	1274	4111
0	1292	4194
0	1294	2381
0	1297	6262
0	1300	2800
0	1321	2464
0	1327	6128
0	1328	6549
0	1329	2245
0	1333	6021
0	1339	2758
0	1340	4144
0	1347	3932
0	1357	6010
0	1372	5718
0	1374	3711
0	1377	5027
0	1385	7499
0	1388	6519
0	1397	3190
0	1400	4183
0	1401	7117
0	1402	5278
0	1406	5802
0	1412	4727
0	1419	4273
0	1437	6596
0	1438	2506
0	1446	7892
0	1458	4179
0	1465	3982
0	1467	7526
0	1471	2025
0	1476	3712
0	1478	7035
0	1481	1546
0	1487	7036
0	1492	4257
0	1502	5561
0	1506	4742
0	1508	5993
0	1526	6158
0	1527	7379
0	1534	4395
0	1542	6068
0	1548	3225
0	1553	5905
0	1556	2706
0	1566	3557
0	1568	6153
0	1569	8303
0	1571	4377
0	1575	3153
0	1595	2457
0	1600	3936
0	1605	3716
0	1625	8633
0	1650	7294
0	1655	7651
0	1659	6004
0	1667	3850
0	1679	3378
0	1686	2965
0	1693	3784
0	1696	1178
0	1698	3965
0	1699	7994
0	1709	2960
0	1712	6618
0	1720	4336
0	1724	3846
0	1734	4188
0	1755	4142
0	1757	4875
0	1761	7276
0	1764	3041
0	1775	6993
0	1784	4986
0	1786	2658
0	1791	3123
0	1792	3723
0	1806	6099
0	1807	1192
0	1810	2487
0	1811	3568
0	1813	5383
0	1821	4810
0	1825	3503
0	1828	5214
0	1839	2961
0	1868	4266
0	1874	3731
0	1878	4480
0	1894	840
0	1905	3927
0	1915	3608
0	1922	3808
0	1926	2311
0	1936	4769
0	1943	4258
0	1946	2491
0	1952	2619
0	1956	5974
0	1961	5041
0	1968	7448
0	1978	7864
0	1998	3526
0	2002	592
0	2003	4510
0	2011	5214
0	2012	3957
0	2014	6268
0	2027	431
0	2035	4341
0	2037	4209
0	2041	6308
0	2043	5444
0	2051	7173
0	2057	2667
0	2058	7129
0	2062	6808
0	2068	1888
0	2107	8453
0	2115	4467
0	2127	4141
0	2137	4104
0	2138	5268
0	2142	3194
0	2143	5230
0	2147	4548
0	2148	999
0	2162	3167
0	2169	2485
0	2179	2718
0	2182	2414
0	2190	6690
0	2195	7018
0	2205	5966
0	2207	3455
0	2226	1450
0	2228	1636
0	2231	4786
0	2237	2301
0	2246	3440
0	2251	5661
0	2256	5895
0	2266	2669
0	2267	5297
0	2270	2648
0	2272	5270
0	2274	3504
0	2275	2472
0	2276	6614
0	2278	1308
0	2279	7225
0	2282	6099
0	2287	7728
0	2290	5003
0	2295	2399
0	2298	4720
0	2300	7580
0	2302	2694
0	2304	2276
0	2319	3638
0	2330	7862
0	2342	8350
0	2348	4844
0	2351	1216
0	2367	2189
0	2369	6340
0	2376	3845
0	2388	3843
0	2389	2938
0	2400	2018
0	2417	3660
0	2427	5924
0	2436	2528
0	2441	5845
0	2442	5703
0	2446	4047
0	2449	3469
0	2461	5487
0	2465	2211
0	2466	5337
0	2473	7722
0	2477	2662
0	2483	6570
0	2487	1106
0	2490	5005
0	2497	5977
0	2499	1308
0	2504	6193
0	2520	756
0	2526	5159
0	2527	3054
0	2533	1572
0	2537	3296
0	2538	4070
0	2542	3192
0	2543	2801
0	2548	5363
0	2555	6694
0	2559	6917
0	2568	788
0	2572	8645
0	2574	7271
0	2584	1698
0	2589	8225
0	2597	4233
0	2603	2266
0	2613	6943
0	2639	4184
0	2655	2312
0	2662	2807
0	2668	3953
0	2669	2801
0	2670	5007
0	2673	2071
0	2683	5502
0	2693	1492
0	2723	3549
0	2725	2171
0	2728	4998
0	2731	4592
0	2734	7936
0	2735	3973
0	2739	6618
0	2743	4244
0	2744	2712
0	2746	1724
0	2747	3364
0	2755	3320
0	2772	6384
0	2774	2597
0	2780	3579
0	2781	5407
0	2789	2481
0	2794	7335
0	2810	7031
0	2814	4058
0	2820	2146
0	2823	1682
0	2827	5759
0	2833	7813
0	2836	5383
0	2840	6813
0	2841	7473
0	2875	5137
0	2877	8321
0	2879	6487
0	2881	3663
0	2891	3402
0	2898	5375
0	2901	1255
0	2904	4506
0	2907	1245
0	2914	4853
0	2918	6167
0	2923	4804
0	2954	6131
0	2963	5300
0	2978	8826
0	2980	4316
0	2982	4422
0	2983	5952
0	2985	1815
0	3001	3812
0	3004	1127
0	3009	7304
0	3018	3739
0	3031	1195
0	3035	4648
0	3038	4871
0	3050	5913
0	3062	4624
0	3063	7273
0	3069	3953
0	3079	3253
0	3089	4673
0	3098	4425
0	3101	3240
0	3102	6070
0	3107	906
0	3118	7127
0	3127	7636
0	3132	3265
0	3139	2956
0	3144	2143
0	3146	4441
0	3147	4893
0	3150	4185
0	3151	2323
0	3152	2906
0	3153	5106
0	3161	3038
0	3162	4431
0	3165	2383
0	3171	706
0	3178	2664
0	3179	1944
0	3184	6434
0	3187	2692
0	3190	7538
0	3192	4456
0	3197	1001
0	3199	7842
0	3202	1120
0	3226	7435
0	3246	5256
0	3247	5366
0	3252	6077
0	3284	4801
0	3289	6153
0	3295	7782
0	3298	821
0	3328	2584
0	3351	4870
0	3360	4083
0	3372	6285
0	3378	4276
0	3380	2746
0	3392	5015
0	3398	3737
0	3399	8025
0	3413	307
0	3419	2857
0	3423	3816
0	3425	2907
0	3427	2760
0	3437	7029
0	3443	3400
0	3445	2460
0	3453	6785
0	3457	6107
0	3462	7203
0	3472	7824
0	3475	5293
0	3502	3684
0	3503	2494
0	3536	6110
0	3541	2192
0	3544	4764
0	3545	2418
0	3552	2442
0	3557	3133
0	3562	2283
0	3563	6161
0	3565	7367
0	3568	5760
0	3573	4349
0	3604	5051
0	3613	6899
0	3623	2011
0	3624	2817
0	3643	6964
0	3645	5106
0	3658	6014
0	3668	5483
0	3675	3776
0	3680	5882
0	3682	4708
0	3683	375
0	3686	8341
0	3689	7859
0	3691	7132
0	3692	3474
0	3694	6217
0	3695	5532
0	3697	6264
0	3698	2255
0	3718	5405
0	3722	4651
0	3728	5065
0	3730	646
0	3733	4105
0	3737	7337
0	3749	4999
0	3758	3408
0	3766	614
0	3767	5413
0	3788	2232
0	3796	3605
0	3797	1441
0	3799	2336
0	3808	7891
0	3810	5207
0	3813	6464
0	3821	2353
0	3822	2501
0	3824	4664
0	3828	3370
0	3833	4971
0	3838	2392
0	3840	5956
0	3843	751
0	3853	5599
0	3857	1901
0	3872	7892
0	3880	7166
0	3889	4532
0	3902	4048
0	3917	1152
0	3918	4740
0	3922	4845
0	3934	4407
0	3941	3973
0	3949	5312
0	3953	6015
0	3965	3591
0	3969	4055
0	3974	5992
0	3975	8439
0	3980	1077
0	3983	6429
0	3988	5693
0	3997	3303
0	1945	6899
0	1525	4301
0	434	4737
0	1245	3635
0	1135	5124
0	1662	6661
0	1140	1063
0	104	4323
0	843	4320
0	709	8594
0	220	8056
0	1111	4087
0	1817	2776
0	2157	7004
0	159	1259
0	1671	2507
0	936	3033
0	2049	7366
0	638	1740
0	754	6790
0	194	6505
0	94	1509
0	2172	5986
0	6	2702
0	240	4822
0	129	8335
0	1994	7341
0	419	6985
0	1668	6117
0	980	2950
0	1688	8711
0	298	4970
0	687	6791
0	231	1081
0	797	3442
0	206	4216
0	679	3870
0	1115	3420
0	875	3628
0	147	5478
0	125	6329
0	944	2904
0	758	1432
0	892	4682
0	44	4078
0	205	5668
0	1095	7882
0	218	1056
0	247	3735
0	1027	2408
0	497	5703
0	20	4520
0	2238	6021
0	1599	3453
0	460	3620
0	12	5043
0	1085	3120
0	1942	6575
0	954	4615
0	1162	6757
0	2322	2720
0	1064	6758
0	789	6045
0	1075	4690
0	143	4578
0	1594	2528
0	1387	3722
0	279	6733
0	2356	4034
0	790	4309
0	1159	5201
0	340	4575
0	2114	6279
0	154	2330
0	1244	7553
0	834	5907
0	1093	2956
0	871	5196
0	160	2423
0	1441	2291
0	124	7038
0	355	2646
0	1253	3742
0	73	4298
0	1653	3961
0	292	3808
0	606	3744
0	1354	3922
0	84	2599
0	75	1265
0	135	2326
0	238	6706
0	1857	6874
0	411	4195
0	53	975
0	243	2764
0	1991	6300
0	50	931
0	1690	3054
0	793	3778
0	226	4098
0	4	4582
0	1603	4393
0	2097	5376
0	1184	1979
0	1612	3642
0	1082	6115
0	15	5297
0	1910	2835
0	1065	2810
0	1918	1610
0	227	3241
0	589	5537
0	2221	2469
0	260	1117
0	319	6861
0	270	3248
0	678	2559
0	2210	1188
0	109	2641
0	998	8547
0	2132	5030
0	368	1241
0	54	2686
0	628	7229
0	251	872
0	1351	7385
0	491	3745
0	1959	2502
0	746	3917
0	958	5959
0	5	4066
0	60	7071
0	1703	5433
0	590	4311
0	349	4376
0	1022	4413
0	845	2623
0	112	7179
0	2193	7168
0	186	1848
0	1463	4087
0	1589	3441
0	300	6695
0	1380	4375
0	1378	8015
0	1429	7073
0	1006	5236
0	462	6822
0	414	7171
0	898	2287
0	2044	6156
0	1409	2870
0	146	4755
0	1632	7747
0	269	5736
0	1891	4140
0	173	7375
0	1838	4323
0	18	4648
0	2128	4595
0	925	6424
0	2357	4971
0	55	2582
0	2291	3576
0	33	4973
0	495	5871
0	663	3736
0	275	4403
0	385	5521
0	891	2899
0	1315	4471
0	1247	4708
0	2110	3568
0	1176	5758
0	77	5076
0	294	6090
0	956	3058
0	40	5383
0	934	3106
0	320	3926
0	1967	6872
0	1941	2650
0	1263	2466
0	111	4356
0	2192	3700
0	198	5055
0	1678	4162
0	1468	5813
0	816	1105
0	1049	8006
0	694	3425
0	357	4770
0	1371	3731
0	152	2002
0	1748	5051
0	2060	4621
0	2326	2350
0	408	4503
0	1149	3675
0	768	5265
0	2203	4964
0	2258	7485
0	23	6262
0	1823	7211
0	938	5566
0	19	4119
0	626	7483
0	1303	1570
0	1450	6127
0	1345	8301
0	24	3145
0	1456	6165
0	1486	5673
0	490	4863
0	89	3211
0	1541	4093
0	43	4603
0	2094	4351
0	1731	2572
0	188	6176
0	322	5792
0	278	5436
0	729	7879
0	615	1942
0	74	1667
0	1824	1579
1	4	4477
1	6	2501
1	18	3745
1	20	2897
1	23	4649
1	24	2522
1	30	4952
1	38	1745
1	54	3452
1	56	3835
1	73	2372
1	78	4534
1	91	7070
1	94	1623
1	102	2070
1	112	5205
1	132	5517
1	138	5629
1	147	5173
1	148	2666
1	162	4094
1	179	5919
1	180	1090
1	187	4155
1	194	4768
1	197	7299
1	216	3994
1	221	4249
1	246	2811
1	247	2437
1	254	5912
1	271	5268
1	272	4566
1	279	4902
1	285	3203
1	291	7293
1	293	4097
1	334	5623
1	340	4581
1	348	5983
1	391	3844
1	393	5072
1	396	5885
1	404	5093
1	414	6299
1	447	2748
1	451	5572
1	461	2494
1	470	1785
1	472	5506
1	504	2288
1	517	4003
1	524	3180
1	541	5398
1	542	2953
1	561	2434
1	564	5186
1	570	4783
1	575	3308
1	581	6172
1	584	3718
1	588	2875
1	593	6517
1	594	2894
1	600	5424
1	611	2627
1	618	3765
1	628	5297
1	642	3104
1	652	2928
1	686	4038
1	694	3796
1	695	3675
1	698	2002
1	709	7963
1	715	4373
1	716	3451
1	721	4692
1	745	1054
1	747	5443
1	749	5031
1	762	4295
1	765	1779
1	780	2439
1	820	4534
1	834	4932
1	848	3345
1	854	4093
1	859	5272
1	869	4184
1	903	6203
1	904	4072
1	906	4822
1	924	3015
1	931	6664
1	937	4130
1	944	4717
1	957	4503
1	960	2947
1	968	2829
1	972	2359
1	986	4400
1	1002	3414
1	1010	4928
1	1015	4616
1	1019	3779
1	1029	1329
1	1033	1663
1	1036	3978
1	1040	3323
1	1041	4630
1	1044	1701
1	1066	5388
1	1069	3923
1	1070	3507
1	1082	4425
1	1135	3661
1	1149	1950
1	1152	6972
1	1161	4696
1	1176	4856
1	1184	3659
1	1185	5788
1	1203	5648
1	1217	5467
1	1225	5220
1	1226	1361
1	1270	4429
1	1271	3106
1	1272	2877
1	1284	7336
1	1291	5747
1	1296	5533
1	1304	1693
1	1305	2393
1	1308	5959
1	1323	4473
1	1335	5994
1	1336	4979
1	1337	6356
1	1338	6152
1	1358	4561
1	1376	2123
1	1381	3133
1	1383	4969
1	1391	3050
1	1394	4717
1	1409	4677
1	1414	5862
1	1416	679
1	1429	5627
1	1430	5417
1	1451	4816
1	1490	5060
1	1494	3810
1	1504	4625
1	1512	5541
1	1518	3810
1	1525	2328
1	1537	1996
1	1599	4646
1	1657	6075
1	1671	4308
1	1677	1805
1	1683	3893
1	1688	6739
1	1690	1721
1	1691	4236
1	1700	5602
1	1725	7636
1	1743	5771
1	1749	4755
1	1753	3660
1	1758	4804
1	1760	641
1	1788	2502
1	1793	4410
1	1804	5479
1	1808	6321
1	1818	1546
1	1820	4521
1	1837	5536
1	1840	2529
1	1847	4060
1	1851	267
1	1856	1645
1	1857	4941
1	1875	6101
1	1901	3204
1	1904	3999
1	1928	4932
1	1933	505
1	1937	4664
1	1960	3324
1	1985	3838
1	1988	4573
1	1999	1262
1	2005	1990
1	2008	1236
1	2028	3940
1	2032	6514
1	2038	3102
1	2042	1846
1	2044	6108
1	2048	4481
1	2075	2023
1	2076	2036
1	2086	5430
1	2110	1739
1	2118	2928
1	2129	2718
1	2135	6045
1	2141	7882
1	2154	2831
1	2175	6911
1	2177	754
1	2178	4466
1	2196	3333
1	2204	4314
1	2206	3963
1	2210	1586
1	2215	2420
1	2242	6411
1	2260	5589
1	2261	1911
1	2269	4846
1	2292	1322
1	2296	2677
1	2301	2986
1	2315	5409
1	2328	5344
1	2341	6225
1	2355	4476
1	2362	2695
1	2373	2170
1	2421	2766
1	2439	4581
1	2489	4942
1	2491	3992
1	2515	5018
1	2521	4334
1	2522	4203
1	2528	1999
1	2535	5808
1	2560	3940
1	2563	3462
1	2567	4667
1	2594	2523
1	2595	3466
1	2596	2093
1	2605	6476
1	2608	4197
1	2610	5871
1	2627	2983
1	2637	5451
1	2687	2339
1	2702	4253
1	2706	2255
1	2707	5525
1	2711	5386
1	2712	5982
1	2715	2562
1	2721	4905
1	2775	6102
1	2792	4596
1	2797	4007
1	2829	3833
1	2835	3143
1	2847	4447
1	2851	3086
1	2854	1540
1	2855	4193
1	2857	5611
1	2858	4457
1	2863	2946
1	2899	3580
1	2903	6217
1	2924	2648
1	2941	4502
1	2952	5899
1	2957	3389
1	2960	3659
1	2964	4531
1	2998	1433
1	3032	5076
1	3036	5313
1	3046	4791
1	3056	2013
1	3091	3971
1	3093	5651
1	3097	3836
1	3125	5737
1	3128	3496
1	3129	3143
1	3141	2742
1	3166	2764
1	3173	4333
1	3191	4271
1	3205	4391
1	3215	4230
1	3222	3402
1	3225	3317
1	3231	6187
1	3238	6360
1	3251	3763
1	3257	3713
1	3263	3174
1	3282	2446
1	3283	5802
1	3311	4279
1	3323	3181
1	3346	2923
1	3348	3474
1	3371	6495
1	3375	3075
1	3381	4404
1	3440	5144
1	3449	2830
1	3460	2981
1	3465	5574
1	3498	3488
1	3501	5170
1	3508	2983
1	3558	6093
1	3575	3719
1	3586	3961
1	3589	4310
1	3605	2038
1	3607	4528
1	3614	4006
1	3615	1872
1	3617	4312
1	3625	3409
1	3635	1937
1	3646	3650
1	3647	291
1	3659	5850
1	3669	2919
1	3679	3844
1	3702	3705
1	3713	5662
1	3714	3982
1	3721	6229
1	3748	3963
1	3765	3353
1	3770	3302
1	3772	3673
1	3778	4081
1	3831	2128
1	3848	5059
1	3859	485
1	3866	5295
1	3873	3396
1	3901	2341
1	3910	3966
1	3930	3559
1	3936	3236
1	3947	4172
1	3950	4653
1	3957	7406
1	3978	1167
1	3998	5459
1	273	4513
1	2212	2806
1	1106	4964
1	1037	1061
1	596	2306
1	2324	3119
1	181	5334
1	25	3334
1	17	4596
1	712	5305
1	1682	1054
1	1228	4416
1	1830	2935
1	928	5251
1	2055	3706
1	51	3025
1	45	4534
1	2336	3895
1	495	4225
1	979	3482
1	914	3586
1	1746	3203
1	2159	5946
1	681	4312
1	480	3960
1	1402	5388
1	1741	1588
1	1014	5758
1	1220	3408
1	29	5830
1	1444	5844
1	1277	4287
1	1846	3189
1	1046	3082
1	174	1390
1	492	2008
1	1836	6284
1	1422	2374
1	90	5213
1	1842	5989
1	491	4003
1	1197	4457
1	1508	5938
1	802	3014
1	1515	4832
1	10	4172
1	52	3971
1	2029	5691
1	1862	5527
1	602	4316
1	752	3358
1	920	1795
1	502	2510
1	466	5433
1	2087	1530
1	412	4256
1	2163	4167
1	2092	3786
1	2053	4216
1	28	3605
1	2	5704
1	463	4953
1	1872	5980
1	76	2072
1	508	4939
1	108	3462
1	1932	4996
1	59	4951
1	183	952
1	96	2737
1	1346	5574
1	263	2446
1	558	3770
1	318	7447
1	27	4787
1	498	3358
1	114	3992
1	372	4573
1	141	5929
1	1166	3103
1	100	3347
1	1813	4476
1	1025	6304
1	1650	5321
1	2138	5039
1	249	3273
1	849	3720
1	1020	5398
1	1332	143
1	1439	4363
1	101	4910
1	129	7725
1	867	4295
1	231	2969
1	927	1507
1	237	3090
1	1145	2891
1	1418	1428
1	131	5422
1	1379	5576
1	641	5664
1	1963	4859
1	1136	1804
1	1658	4105
1	9	3436
2	5	7972
2	9	5560
2	15	9551
2	16	9164
2	32	6564
2	47	7791
2	50	4987
2	51	5255
2	52	1795
2	62	4162
2	64	7651
2	68	5875
2	71	6143
2	77	6216
2	87	8999
2	88	5157
2	93	8482
2	165	1621
2	183	6589
2	230	7382
2	245	7156
2	252	8361
2	259	5925
2	273	10126
2	325	9090
2	332	9449
2	368	3687
2	384	4448
2	403	7889
2	416	5174
2	427	4073
2	430	8000
2	431	725
2	432	8081
2	441	7568
2	444	11610
2	448	5845
2	483	1825
2	496	4882
2	519	1843
2	522	9083
2	529	9913
2	550	10598
2	556	8582
2	562	8782
2	567	3469
2	572	8300
2	577	11309
2	580	6600
2	602	9548
2	614	7914
2	630	9858
2	647	5212
2	670	8390
2	689	7106
2	713	9469
2	718	884
2	742	7666
2	756	5798
2	760	8789
2	769	9777
2	777	6518
2	784	1426
2	817	5616
2	896	9773
2	908	6481
2	934	1393
2	947	11440
2	980	6451
2	1009	3609
2	1032	8996
2	1101	5160
2	1111	888
2	1117	3892
2	1118	8800
2	1124	4008
2	1181	9669
2	1182	3279
2	1200	8409
2	1208	4634
2	1233	9053
2	1261	5705
2	1264	7701
2	1293	7839
2	1307	5249
2	1314	7229
2	1344	10224
2	1349	6095
2	1359	3371
2	1389	10131
2	1418	4520
2	1434	6588
2	1435	3407
2	1442	608
2	1449	8346
2	1459	3130
2	1468	7674
2	1479	4148
2	1484	2927
2	1514	9171
2	1520	9136
2	1543	6706
2	1549	274
2	1557	7082
2	1578	6136
2	1588	7452
2	1592	6271
2	1593	2965
2	1594	6765
2	1597	2077
2	1612	7193
2	1663	8442
2	1673	9324
2	1676	3330
2	1697	7807
2	1713	10745
2	1715	9332
2	1721	6883
2	1728	9135
2	1736	12090
2	1754	7711
2	1766	8471
2	1767	9910
2	1777	6210
2	1781	3693
2	1800	4831
2	1827	7302
2	1853	7990
2	1909	7253
2	1918	5755
2	1955	7677
2	1987	5876
2	2024	6362
2	2059	7298
2	2070	10497
2	2081	6407
2	2083	6522
2	2092	7330
2	2099	2635
2	2155	2747
2	2158	9869
2	2168	7641
2	2180	7227
2	2225	5584
2	2280	4817
2	2309	5394
2	2312	10458
2	2331	5686
2	2343	6135
2	2346	11757
2	2347	3134
2	2387	8004
2	2401	4659
2	2407	2733
2	2411	3038
2	2419	8003
2	2430	4739
2	2450	8894
2	2463	5866
2	2475	7833
2	2482	7901
2	2509	5450
2	2553	9288
2	2569	6470
2	2578	7440
2	2604	7977
2	2614	7311
2	2625	4296
2	2697	11168
2	2710	1804
2	2782	8967
2	2805	6973
2	2817	8579
2	2848	3233
2	2852	2293
2	2920	6400
2	2925	11162
2	2934	7703
2	2986	11944
2	3037	689
2	3076	5220
2	3078	5147
2	3108	6602
2	3111	8600
2	3120	5359
2	3123	9057
2	3142	7411
2	3167	2145
2	3181	3365
2	3182	9276
2	3195	7985
2	3230	3908
2	3236	7210
2	3256	5197
2	3272	3247
2	3301	10022
2	3306	8779
2	3316	6145
2	3318	7601
2	3321	8786
2	3332	4164
2	3336	7270
2	3365	8110
2	3377	5760
2	3382	10239
2	3406	7954
2	3416	1873
2	3426	6374
2	3452	6889
2	3458	10073
2	3511	5777
2	3528	8540
2	3546	7425
2	3577	7828
2	3580	4589
2	3596	6915
2	3599	5676
2	3619	4994
2	3630	11407
2	3640	5980
2	3648	7169
2	3670	2742
2	3711	1571
2	3739	8992
2	3743	7397
2	3754	9559
2	3757	5982
2	3776	9066
2	3789	5038
2	3794	7929
2	3800	5561
2	3814	4744
2	3816	4166
2	3829	2585
2	3842	8172
2	3856	11016
2	3867	4490
2	3879	3101
2	3890	11699
2	3904	9858
2	3912	5110
2	246	8329
2	1499	4870
2	2323	10261
2	865	2535
2	86	8265
2	513	8278
2	17	1204
2	147	4855
2	1114	4949
2	640	8117
2	221	6970
2	1340	1023
2	1825	7615
2	159	5432
2	166	7749
2	1318	9357
2	164	5374
2	29	10012
2	1868	8201
2	696	7776
2	1643	4781
2	1067	4322
2	757	6274
2	197	6908
2	140	5969
2	774	6895
2	825	2491
2	2145	3699
2	138	10497
2	749	689
2	160	5935
2	604	2571
2	150	324
2	144	9708
2	559	8021
2	128	9062
2	547	1297
2	1936	8919
2	1954	3337
2	633	7584
2	304	7854
2	1130	5283
2	2127	8383
2	55	1852
2	586	1537
2	505	8405
2	1280	9178
2	103	6252
2	546	4430
2	712	10357
2	1428	6369
2	711	6270
2	1103	11646
2	2360	6281
2	1036	8273
2	30	4832
2	162	9231
2	21	5638
2	381	1120
2	972	8056
2	348	5339
2	2231	7692
2	1558	6349
2	226	4040
2	102	7137
2	734	9427
2	2040	4652
2	377	9139
2	461	3387
2	25	6275
2	1363	7931
2	129	7483
2	1808	7576
2	478	11831
2	271	4523
2	19	5471
2	1183	7350
2	2314	2265
2	811	10229
2	726	8478
2	223	8225
2	804	3280
2	1470	5596
2	554	7000
2	429	4799
2	1057	7393
3	28	7355
3	33	530
3	41	7765
3	46	6598
3	49	7775
3	55	4192
3	57	5232
3	75	6544
3	85	5099
3	100	1516
3	101	4149
3	136	5780
3	140	1876
3	141	6061
3	155	9020
3	175	7483
3	184	4481
3	189	8456
3	191	1499
3	200	3645
3	224	4056
3	242	4851
3	243	5218
3	299	716
3	312	6871
3	328	926
3	344	5314
3	362	2718
3	375	5936
3	389	3970
3	407	6346
3	412	862
3	415	5397
3	488	990
3	492	6492
3	498	3191
3	501	6072
3	511	3981
3	549	7581
3	590	9304
3	604	5172
3	617	2285
3	629	1575
3	644	7127
3	653	4128
3	671	5735
3	733	2909
3	844	6017
3	845	6407
3	967	6431
3	987	8873
3	1018	7162
3	1031	852
3	1067	2590
3	1141	7181
3	1173	6610
3	1177	2150
3	1199	7805
3	1202	1785
3	1248	7458
3	1295	2882
3	1301	2805
3	1428	7066
3	1431	2986
3	1450	8173
3	1462	1631
3	1474	6496
3	1545	7388
3	1622	6534
3	1627	3243
3	1653	8977
3	1705	5069
3	1776	4608
3	1794	7652
3	1797	4239
3	1843	7614
3	1870	8530
3	1893	3841
3	1924	3401
3	1966	6104
3	1993	576
3	2004	2345
3	2013	3114
3	2021	8017
3	2084	6324
3	2114	8454
3	2140	9504
3	2184	8932
3	2340	5882
3	2384	6140
3	2386	2304
3	2412	1934
3	2433	5183
3	2452	7409
3	2517	8181
3	2539	1797
3	2586	2471
3	2593	7603
3	2598	4962
3	2645	4581
3	2652	7028
3	2709	5498
3	2720	1708
3	2727	2538
3	2757	8441
3	2793	8924
3	2798	2851
3	2809	3787
3	2865	3777
3	2883	1515
3	2917	7348
3	2953	1201
3	2977	2253
3	3043	5836
3	3045	5182
3	3053	7299
3	3064	5736
3	3087	5198
3	3088	8176
3	3106	6578
3	3115	6466
3	3134	2558
3	3183	2720
3	3229	1932
3	3261	5439
3	3264	2030
3	3273	7170
3	3291	4115
3	3315	3137
3	3461	3449
3	3491	2085
3	3525	8635
3	3549	7222
3	3609	6280
3	3616	2248
3	3628	3331
3	3637	8118
3	3687	8459
3	3701	5161
3	3729	6382
3	3736	6830
3	3753	8135
3	3795	4546
3	3806	1725
3	3811	3863
3	3818	7620
3	3869	6070
3	3871	3130
3	3896	8053
3	3909	7825
3	3911	4601
3	3970	3502
3	292	4414
3	58	6041
3	1821	698
3	276	5724
3	256	6718
3	23	3618
3	1988	360
3	985	5908
3	275	3419
3	1198	4869
3	1651	3255
3	330	7776
3	323	6591
3	841	147
3	743	8112
3	776	2176
3	68	7707
3	656	5200
3	2293	7329
3	24	7365
3	1435	2160
3	628	6016
3	667	2219
3	1412	1124
3	677	2670
3	2043	1218
3	1708	822
3	1189	3602
3	12	8342
3	1829	7955
3	99	6370
3	794	4573
3	858	5627
3	1001	9393
3	380	873
3	398	5904
3	69	1620
3	1167	3102
3	2070	6815
3	757	3099
3	289	7981
3	317	5185
3	2228	6964
3	2050	5120
3	1540	4630
3	48	7998
3	294	7837
3	1876	2328
3	1854	7905
3	413	2256
3	563	5735
3	1437	1880
3	404	3079
3	1102	3000
3	2005	4710
3	142	5484
3	2271	2745
3	1724	5642
3	22	6372
3	556	3585
3	952	9274
3	2165	6712
3	67	6699
3	9	1639
3	840	7381
3	2308	8332
3	2363	4627
3	1771	3686
3	546	1719
3	1775	6641
3	2320	2072
3	370	5613
3	468	5023
3	445	1583
3	203	5705
3	897	3643
3	2082	6613
3	78	7113
3	1405	3965
4	22	7018
4	43	6198
4	61	7413
4	81	5476
4	118	6029
4	131	5170
4	171	1572
4	227	6076
4	232	6869
4	255	848
4	294	7992
4	329	3794
4	341	1358
4	346	6320
4	349	6467
4	450	3438
4	471	4434
4	484	4375
4	505	5434
4	528	6332
4	553	6743
4	578	4460
4	646	3945
4	659	1011
4	669	9026
4	674	5923
4	704	7907
4	798	4888
4	865	3880
4	899	7448
4	1026	3305
4	1028	1497
4	1121	5075
4	1153	3974
4	1172	5729
4	1190	530
4	1253	7507
4	1364	3711
4	1365	5321
4	1398	3251
4	1507	8864
4	1565	1348
4	1589	7895
4	1631	6824
4	1644	2015
4	1675	2355
4	1726	7817
4	1752	5777
4	1889	8328
4	1903	9936
4	2033	6460
4	2073	6983
4	2121	5466
4	2163	8592
4	2288	4754
4	2305	1493
4	2361	1565
4	2363	3857
4	2423	7106
4	2434	5080
4	2460	7249
4	2486	7004
4	2492	3033
4	2531	5188
4	2557	4606
4	2564	1052
4	2600	4667
4	2656	3906
4	2760	2816
4	2801	4360
4	2807	7462
4	2831	5373
4	2988	3858
4	3006	8558
4	3094	4009
4	3126	8525
4	3207	4541
4	3211	2058
4	3262	8826
4	3276	5841
4	3320	8340
4	3364	2757
4	3388	5355
4	3389	641
4	3393	2235
4	3395	4332
4	3396	2149
4	3412	6317
4	3422	9425
4	3429	522
4	3507	976
4	3533	3029
4	3769	3338
4	3780	9196
4	3847	6482
4	3882	8433
4	3994	4487
4	277	5347
4	1362	3896
4	2126	9121
4	968	7230
4	69	2747
4	800	8626
4	2056	2309
4	278	9536
4	40	2501
4	2190	5060
4	1534	8558
4	488	2008
4	482	7035
4	795	2621
4	143	6038
4	2023	1379
4	498	2177
4	1447	2737
4	1083	9181
4	579	2088
4	363	6931
4	269	1250
4	139	2889
4	18	8216
4	1034	6302
4	292	4512
4	305	5640
4	425	8420
4	1863	8582
4	1404	5634
4	133	5282
4	1550	1572
4	103	2819
4	90	5246
4	2351	4343
4	338	7876
4	2071	3862
4	1576	9788
4	853	1248
4	1757	6855
4	2133	2435
4	840	6580
4	472	7261
4	1704	5110
4	689	4029
4	2289	4217
4	1795	4767
4	2227	4413
4	1353	4620
4	208	6266
4	127	2009
4	1239	1221
4	231	4466
4	763	3632
4	490	655
4	164	3785
4	2344	3104
4	1996	5225
4	8	4473
4	412	1616
4	324	4960
4	114	2707
4	190	2474
4	299	1519
4	2104	1050
4	270	7819
4	1547	8156
4	224	4683
4	88	1650
4	761	3700
4	1615	6172
4	517	7490
4	1686	2642
4	434	4040
4	606	4975
4	17	3853
4	1837	3445
4	1969	4633
4	70	7227
4	2348	2216
4	699	4497
4	743	7616
4	549	8146
5	19	7467
5	98	355
5	130	5459
5	156	2189
5	193	7323
5	226	7977
5	231	4758
5	236	2591
5	248	7296
5	260	3563
5	261	9248
5	264	1765
5	284	2391
5	289	6920
5	295	7363
5	297	2572
5	326	4044
5	330	5872
5	331	5320
5	370	4440
5	387	8327
5	390	5558
5	392	2063
5	443	4237
5	474	7025
5	507	3320
5	566	2151
5	589	8578
5	624	5326
5	697	2179
5	732	4096
5	758	2745
5	800	4327
5	879	5252
5	900	5830
5	940	7690
5	965	7256
5	1004	1344
5	1008	6121
5	1195	1364
5	1230	5439
5	1290	4723
5	1343	7936
5	1368	1512
5	1387	6982
5	1392	9510
5	1407	9035
5	1546	3515
5	1551	8907
5	1561	2623
5	1585	4445
5	1615	2654
5	1642	6365
5	1771	6793
5	1869	2972
5	1898	3767
5	1916	9603
5	1917	8294
5	2031	3415
5	2036	5475
5	2131	4271
5	2181	5892
5	2188	2011
5	2203	8839
5	2220	7173
5	2234	8534
5	2235	3687
5	2332	4419
5	2337	10303
5	2380	8917
5	2621	9385
5	2642	1788
5	2750	6631
5	2769	5915
5	2818	1393
5	2981	8527
5	2990	8160
5	3105	7064
5	3122	11324
5	3145	4967
5	3156	8010
5	3243	7420
5	3281	3160
5	3352	9770
5	3362	2405
5	3367	4764
5	3408	8344
5	3418	7210
5	3447	4943
5	3466	1689
5	3474	7710
5	3512	9371
5	3518	5206
5	3521	4716
5	3561	5348
5	3656	8188
5	3712	4246
5	3719	8298
5	3839	8593
5	3920	3336
5	3984	9539
5	266	8467
5	158	3447
5	2080	4619
5	369	9163
5	1482	5999
5	2122	6477
5	2026	7768
5	121	5209
5	778	6585
5	435	7591
5	220	11681
5	510	3665
5	77	8303
5	1324	7706
5	1077	8768
5	793	6830
5	739	982
5	1019	6278
5	1902	7234
5	12	3407
5	2171	5413
5	267	4752
5	740	8744
5	124	7423
5	1549	7704
5	1237	4269
5	178	3409
5	228	2806
5	1137	187
5	554	1137
5	768	8977
5	384	7059
5	1213	8592
5	1747	944
5	943	9087
5	1950	8447
5	101	7675
5	1870	2887
5	1797	9643
5	1931	8923
5	249	7560
5	1514	5528
5	2142	6529
5	366	5650
5	2075	3219
5	1874	7249
5	657	5764
5	550	9103
6	59	6353
6	120	4049
6	163	5564
6	173	6374
6	198	2724
6	214	1411
6	240	3526
6	290	5976
6	298	7538
6	304	5230
6	347	2301
6	408	6839
6	468	7344
6	502	4970
6	607	3275
6	612	2480
6	649	7704
6	662	2002
6	699	2539
6	710	5897
6	720	2261
6	757	4888
6	816	3303
6	856	6210
6	866	1059
6	875	2947
6	909	6429
6	930	1287
6	950	7272
6	955	1479
6	1027	1572
6	1063	7151
6	1102	7348
6	1170	7437
6	1194	4183
6	1201	5702
6	1366	9774
6	1433	824
6	1489	5077
6	1555	5760
6	1591	2591
6	1602	5001
6	1624	9058
6	1684	838
6	1732	5632
6	1745	3302
6	1867	8918
6	1900	6291
6	1944	3512
6	1959	4884
6	1992	935
6	2045	6356
6	2088	1155
6	2214	3760
6	2243	5465
6	2250	6087
6	2258	8205
6	2283	2135
6	2313	3366
6	2356	6673
6	2364	4540
6	2576	7436
6	2633	2612
6	2888	7902
6	2962	3480
6	2965	4269
6	3074	2207
6	3090	6513
6	3136	8173
6	3163	6643
6	3221	3514
6	3343	2018
6	3402	2562
6	3415	6577
6	3421	7269
6	3495	5589
6	3566	7826
6	3638	2929
6	3664	3558
6	3685	4529
6	3793	6421
6	3815	5603
6	3897	7689
6	3908	3118
6	3914	6731
6	3916	4059
6	3932	2256
6	106	4329
6	844	2876
6	1904	6485
6	205	5727
6	417	4476
6	2146	4770
6	660	2883
6	916	5751
6	283	3428
6	64	8717
6	212	4265
6	846	5951
6	794	3406
6	1784	2460
6	693	6634
6	137	2474
6	43	3629
6	1211	7185
6	136	7070
6	2370	5814
6	647	1794
6	2148	3470
6	1174	3449
6	1141	1796
6	691	4537
6	635	3540
6	1143	6527
6	1636	145
6	414	8800
6	123	5018
6	1943	6961
6	1780	4360
6	570	6034
6	528	3638
6	1952	4464
6	1664	2630
6	1500	2842
6	2333	3991
6	11	2214
6	316	3676
6	790	3399
7	74	7002
7	96	8824
7	121	10560
7	213	6544
7	422	6714
7	433	6537
7	439	2375
7	465	4472
7	527	777
7	558	3473
7	633	8060
7	640	4056
7	722	8061
7	754	2485
7	885	9527
7	939	11060
7	956	5129
7	1013	11443
7	1054	8078
7	1084	2390
7	1095	2805
7	1110	7676
7	1113	6893
7	1146	8702
7	1147	9848
7	1287	8850
7	1288	5508
7	1362	7107
7	1417	2605
7	1516	8876
7	1590	3943
7	1623	9538
7	1656	8293
7	1770	5261
7	1783	1198
7	1785	5996
7	1897	5713
7	1913	9148
7	1923	3787
7	1975	5397
7	2102	1576
7	2146	10077
7	2193	844
7	2199	7477
7	2233	7534
7	2271	4189
7	2354	7120
7	2395	8980
7	2630	8482
7	2705	3952
7	2783	4079
7	2795	8431
7	2839	7052
7	2860	6830
7	2885	5376
7	2931	5149
7	2948	7013
7	2959	7821
7	2979	8900
7	3026	887
7	3028	5418
7	3034	8317
7	3117	8842
7	3157	5721
7	3232	8722
7	3292	4177
7	3363	5919
7	3400	4640
7	3438	6789
7	3517	5959
7	3555	6618
7	3556	6642
7	3582	1272
7	3595	4865
7	3610	3234
7	3629	4118
7	3641	2918
7	3667	5862
7	3746	12034
7	3785	9774
7	3819	1991
7	3885	8875
7	3905	9835
7	47	3766
7	301	6867
7	592	6453
7	591	1289
7	991	2948
7	1275	3881
7	1573	935
7	2261	5429
7	1330	5101
7	340	9243
7	2220	9091
7	41	1680
7	28	4716
7	2136	5208
7	1878	6375
7	392	7599
7	814	4292
7	855	1003
7	155	7551
7	443	7478
7	263	7524
7	261	8153
7	1219	6475
7	378	6245
7	159	7083
7	1364	7882
7	1621	7003
7	967	11217
7	162	2270
7	280	8254
8	53	1687
8	83	4207
8	107	5738
8	164	1335
8	181	5418
8	212	2140
8	286	2463
8	311	4654
8	379	4721
8	479	2101
8	543	5417
8	605	4319
8	700	5263
8	711	1351
8	731	3862
8	764	6300
8	795	2593
8	807	7678
8	838	4483
8	871	4434
8	890	3908
8	982	3005
8	983	4438
8	1096	2213
8	1239	5658
8	1254	2759
8	1306	3000
8	1552	5006
8	1598	5753
8	1662	5766
8	1678	3607
8	2022	5490
8	2030	2918
8	2316	4640
8	2359	2984
8	2371	4261
8	2413	4133
8	2458	3307
8	2503	3712
8	2680	2703
8	2719	4205
8	2800	4777
8	2961	3508
8	3160	3818
8	3176	3332
8	3260	1746
8	3293	4115
8	3302	5117
8	3347	3328
8	3467	4504
8	3527	4691
8	3559	1514
8	3585	2786
8	3877	5161
8	3927	4092
8	1226	2227
8	17	3769
8	95	2521
8	1503	5389
8	1865	6651
8	1642	3384
8	708	1788
8	1806	5213
8	417	4811
8	478	7615
8	97	2273
8	574	2135
8	1937	5347
8	587	4767
8	457	1214
8	670	6839
8	548	2256
8	2195	6098
8	466	5863
8	1676	1807
8	856	4570
8	390	1793
8	1638	3184
8	562	3958
8	407	5162
8	1623	3701
8	506	1931
8	1201	3340
8	73	3383
8	1483	7122
8	1660	4563
8	859	5202
8	2108	3247
8	1867	6978
8	2185	6376
8	194	5680
8	2167	2805
8	775	2297
8	747	5698
8	1684	1785
8	64	6777
8	1445	4311
8	593	6875
8	877	2801
8	2215	1429
9	12	6745
9	105	4123
9	129	4305
9	159	4279
9	160	6690
9	188	2306
9	218	4521
9	469	6036
9	509	2839
9	546	3245
9	563	4966
9	592	4161
9	680	2914
9	744	6748
9	774	3882
9	787	4723
9	886	1569
9	891	6159
9	926	6738
9	928	3473
9	943	7040
9	1000	3811
9	1005	5622
9	1049	6529
9	1088	3682
9	1105	2075
9	1154	6097
9	1220	6309
9	1313	6221
9	1384	3352
9	1448	6584
9	1486	1680
9	1583	3396
9	1610	5668
9	1660	7312
9	1751	1295
9	1790	4937
9	1809	5849
9	1823	2844
9	1845	1289
9	1881	6893
9	2116	6483
9	2130	5419
9	2176	7009
9	2209	5179
9	2244	2011
9	2247	5131
9	2255	2925
9	2324	6372
9	2334	4513
9	2344	1143
9	2629	6320
9	2716	2644
9	2759	7046
9	2910	7147
9	2913	4022
9	3072	6603
9	3213	3684
9	3317	2798
9	3432	4840
9	3510	3751
9	3671	6122
9	3744	5471
9	3756	2881
9	3865	4458
9	3903	7418
9	3963	2032
9	3993	6766
9	341	3027
9	1372	2578
9	1755	5874
9	1699	5207
9	853	3222
9	454	5397
9	206	2048
9	399	6342
9	221	7540
9	397	3709
9	2199	2414
9	305	5093
9	428	5648
9	1511	6628
9	2098	6005
9	2364	4940
9	1815	6747
9	429	5442
9	195	3170
9	1773	5038
9	1665	5415
10	37	5871
10	44	6058
10	72	8884
10	82	2583
10	111	6190
10	167	5548
10	269	7801
10	308	6067
10	310	3347
10	321	10533
10	323	8586
10	377	8290
10	423	9328
10	477	4848
10	490	6913
10	574	2381
10	828	5237
10	839	5174
10	915	5269
10	919	5244
10	954	6415
10	1175	8158
10	1251	2054
10	1326	5010
10	1456	8513
10	1497	7775
10	1529	760
10	1554	7760
10	1661	5452
10	1738	5470
10	1740	7455
10	1859	8753
10	1899	5017
10	2069	3827
10	2139	4723
10	2325	3502
10	2524	6303
10	2549	8600
10	2624	10278
10	2648	4017
10	2717	3925
10	2740	7274
10	2908	6728
10	2937	3586
10	2991	5423
10	3174	4916
10	3175	4609
10	3297	10583
10	3543	8651
10	3657	5594
10	3706	6490
10	3773	1540
10	1578	9253
10	995	8508
10	209	9063
10	54	1993
10	2304	2323
10	1763	3084
10	1488	1131
10	48	10885
10	1305	2597
10	149	8397
10	1128	3902
10	570	4307
10	290	3651
10	17	3911
10	2296	6849
10	2102	9681
10	189	4204
10	265	7145
10	1701	4224
10	276	3207
10	758	1576
10	1462	6730
10	613	2705
10	940	4513
10	40	7841
10	742	7782
10	1217	9632
10	457	4408
10	2065	10142
10	2250	4423
10	1735	2449
11	17	7358
11	95	3466
11	233	9152
11	307	6808
11	512	5080
11	667	5437
11	673	1492
11	832	5216
11	1034	1367
11	1108	1921
11	1140	4997
11	1215	1000
11	1241	1843
11	1279	3235
11	1311	4591
11	1441	6455
11	1452	3452
11	1572	5777
11	1579	2064
11	1658	1451
11	1689	7511
11	1702	8024
11	1756	3456
11	1769	8314
11	1796	4662
11	1929	2309
11	1953	5812
11	1969	6591
11	1982	4299
11	2103	3407
11	2119	3626
11	2167	4476
11	2223	7530
11	2240	3378
11	2470	2133
11	2512	2994
11	2565	4461
11	2631	3431
11	2672	6480
11	2730	5746
11	2902	7751
11	2951	8406
11	3015	5968
11	3075	7934
11	3100	5386
11	3237	7280
11	3278	6003
11	3322	2200
11	3331	158
11	3487	5800
11	3574	5952
11	3750	3576
11	3792	4231
11	3841	7568
11	3933	6443
11	2013	4698
11	159	3106
11	297	3164
11	206	4200
11	1510	4757
11	299	8267
11	143	8851
11	58	3534
11	672	1685
11	2239	4301
11	713	4251
11	1839	2064
11	970	2043
11	1727	1385
11	64	8358
11	1567	8471
11	710	7544
11	2181	7366
11	1202	7096
11	226	6846
11	2084	7049
12	195	9326
12	296	8818
12	634	9271
12	645	6952
12	804	5993
12	916	5335
12	1011	8523
12	1187	8945
12	1188	7506
12	1235	3695
12	1237	1674
12	1315	9137
12	1330	2721
12	1380	9376
12	1634	1756
12	1646	4065
12	1685	8691
12	1718	9050
12	1750	7258
12	1778	5933
12	1842	9364
12	1854	2606
12	1994	3918
12	2019	4228
12	2217	5445
12	2273	4188
12	2370	6843
12	2454	4237
12	2636	6150
12	2685	9436
12	2724	5297
12	3208	7351
12	3279	4120
12	3428	4474
12	3593	3571
12	3665	2275
12	3803	5237
12	3906	7258
12	3939	5119
12	3952	3531
12	1764	8079
12	869	7442
12	1458	2513
12	957	6955
12	656	4490
12	400	3609
12	2202	1722
12	1730	3590
12	2112	4752
12	96	5157
12	2188	3208
12	1579	2636
12	720	2587
12	771	3268
12	328	7869
12	462	10133
12	264	1665
12	1204	7751
12	1964	2569
12	1181	410
12	748	2811
12	1760	3320
12	1604	6120
12	1624	9982
12	798	6699
12	627	2372
12	133	9508
12	1015	3972
12	268	6135
13	202	2850
13	402	5279
13	456	4106
13	457	5707
13	526	4955
13	536	9908
13	638	7936
13	665	3405
13	668	2322
13	691	5167
13	808	8214
13	852	6228
13	864	8349
13	897	5533
13	925	2816
13	927	7429
13	1085	9408
13	1221	3947
13	1505	9070
13	1521	7958
13	1613	4867
13	1618	9863
13	1664	9387
13	1666	10600
13	1668	7421
13	1798	9890
13	1858	6535
13	2152	5193
13	2307	9128
13	2415	8550
13	2676	5191
13	2761	6874
13	2874	7157
13	2932	6535
13	3130	8142
13	3154	3136
13	3259	5200
13	3271	8577
13	3310	8819
13	3390	5411
13	3459	583
13	3581	2440
13	3603	3994
13	3636	7295
13	3666	6191
13	3791	5025
13	3864	2372
13	3966	2991
13	1672	8246
13	1400	3488
13	2340	6634
13	274	3477
13	513	10975
13	1224	7342
13	130	5960
13	1306	7674
13	2059	10490
13	2045	9523
13	58	7884
13	437	4589
13	1587	8650
13	2096	8495
13	1896	7383
13	1196	6646
13	84	4754
13	1335	2036
13	1414	2561
14	104	4777
14	135	1843
14	143	6858
14	149	8495
14	266	7093
14	268	3552
14	278	2534
14	435	6719
14	831	6483
14	1107	7136
14	1259	3116
14	1302	6343
14	1356	6148
14	1370	1242
14	1408	5963
14	1460	6826
14	1719	7361
14	2052	4455
14	2087	3782
14	2134	5366
14	2170	1295
14	2183	3538
14	2202	2057
14	2378	2749
14	2385	7694
14	2418	7100
14	2623	5054
14	2764	6067
14	2767	4976
14	2785	7710
14	2946	1698
14	2984	2628
14	3060	4390
14	3082	5132
14	3189	2894
14	3220	6942
14	3254	7715
14	3266	4878
14	3376	6336
14	3439	1935
14	3450	7817
14	3451	2089
14	3572	2743
14	3626	2730
14	3644	3325
14	3764	2931
14	3968	1191
14	2119	1388
14	596	3427
14	1614	5639
14	1310	3931
14	1906	4428
14	1970	7853
14	904	6814
14	1055	4847
14	749	6499
14	16	2130
14	525	7387
14	1410	8186
14	1866	8341
14	912	8609
14	444	7813
14	2099	5479
15	397	7542
15	440	9613
15	480	5634
15	481	5758
15	495	2292
15	636	5308
15	702	6940
15	829	6744
15	858	3726
15	878	4430
15	1083	6521
15	1106	6004
15	1112	7429
15	1144	2959
15	1216	4308
15	1280	4614
15	1332	4213
15	1345	11526
15	1501	5986
15	1510	5834
15	1629	2799
15	1672	6126
15	1801	3098
15	1812	718
15	1846	3540
15	1939	5556
15	1950	7545
15	2064	4409
15	2104	8863
15	2303	7878
15	2699	1613
15	2700	6009
15	2779	9233
15	2821	5172
15	2867	7777
15	3070	7404
15	3172	4517
15	3180	3102
15	3217	4997
15	3304	6357
15	3594	6358
15	3632	7394
15	3738	5831
15	3802	7066
15	3849	5256
15	3961	778
15	1356	7706
15	435	4990
15	254	5353
15	1407	6737
15	1922	6015
15	1161	8981
15	748	3153
15	2263	635
15	746	4597
15	62	6536
15	1490	9111
15	2166	6204
16	27	8261
16	76	6476
16	89	8085
16	142	5961
16	185	194
16	206	6205
16	371	8675
16	453	1135
16	621	5226
16	729	7971
16	741	5786
16	781	3870
16	921	7994
16	1390	8488
16	1405	8230
16	1863	2109
16	2085	4959
16	2100	8177
16	2160	7334
16	2508	2453
16	2575	8524
16	2660	2974
16	2732	7292
16	2802	3688
16	2873	7248
16	2882	7801
16	2938	4721
16	2987	10572
16	3103	6622
16	3119	7678
16	3258	6573
16	3277	8722
16	3286	5091
16	3342	6007
16	3620	6975
16	3809	8264
16	3854	4352
16	3858	10142
16	3875	6920
16	3892	3812
16	1768	8694
16	690	3857
16	245	2688
16	1707	5247
16	1498	9044
16	1696	3825
16	77	8176
16	131	8717
16	439	6941
16	2230	6754
16	1063	8906
16	192	6939
16	158	1946
16	1666	2768
16	61	2567
17	134	7242
17	211	8979
17	386	6646
17	560	1885
17	573	6290
17	1196	9967
17	1421	8354
17	1531	2356
17	1641	1565
17	1773	6955
17	1949	1740
17	2165	3418
17	2212	1881
17	2281	10533
17	2310	7924
17	2453	4698
17	2607	6933
17	2643	5322
17	2722	3219
17	3200	5560
17	3288	7127
17	3567	3189
17	3653	8473
17	3742	1200
17	3861	4593
17	259	5185
17	42	8844
17	1222	4542
17	2063	4566
17	1559	4913
17	673	7263
17	274	5904
17	530	6351
17	895	561
17	1928	7456
17	2352	2229
17	124	9483
17	146	2628
17	380	5666
17	717	3734
17	735	10301
17	1120	7167
17	24	6196
17	22	9439
17	1235	6178
17	121	2223
17	47	6794
17	1393	9131
18	222	2759
18	244	6574
18	265	6927
18	460	4228
18	497	1950
18	678	6788
18	1047	3363
18	1127	2349
18	1541	7741
18	1620	10685
18	1733	3761
18	1879	7975
18	1885	5719
18	1940	5017
18	1962	3421
18	2173	2902
18	2479	451
18	2480	1955
18	2545	2506
18	2752	9256
18	2950	1988
18	2993	2455
18	3481	6603
18	3618	3333
18	3926	8094
18	3990	7704
18	887	9163
18	1909	1847
18	1524	3441
18	389	4985
18	1430	5479
18	236	3919
18	2297	9044
18	2223	8029
18	177	8624
18	247	1427
18	1342	8139
18	282	6344
18	374	4749
18	879	6706
18	373	7946
18	1426	9147
18	1811	7641
18	108	4915
18	1246	2419
18	1175	5213
18	298	9208
18	1152	10532
18	1706	7324
19	454	5254
19	466	2299
19	491	7129
19	685	3225
19	753	4497
19	850	5078
19	1030	2331
19	1059	2856
19	1100	2214
19	1130	3294
19	1318	3956
19	1488	5942
19	1513	4469
19	1639	5572
19	1765	995
19	1787	4338
19	1833	5214
19	1942	2484
19	1977	2251
19	1996	3174
19	2159	2921
19	2166	1828
19	2213	4294
19	2476	2799
19	2514	5820
19	2738	3188
19	2765	4248
19	2819	4243
19	2958	4730
19	3021	4372
19	3051	1597
19	3084	3200
19	3435	3780
19	3532	4044
19	3560	4191
19	3688	3891
19	218	4227
19	1798	6764
19	595	5661
19	461	3874
19	1469	4873
19	2006	3036
19	2300	3592
19	336	4622
19	20	5216
19	148	5576
19	27	4812
20	327	3333
20	338	2026
20	478	4781
20	1310	4330
20	1331	5205
20	1396	9096
20	1411	6960
20	1445	7866
20	1573	5153
20	1735	5918
20	1780	1649
20	1884	7756
20	1910	2205
20	2112	3385
20	2481	6012
20	2496	3768
20	2571	4559
20	2583	3610
20	2587	2231
20	2681	5318
20	2822	6252
20	3109	8320
20	3387	3908
20	3405	4215
20	3700	4244
20	3962	5731
20	1720	8707
20	556	6702
20	492	948
20	1154	4347
20	519	6772
20	2315	8248
20	156	2766
20	1091	4995
20	84	4722
20	861	3802
20	1489	4498
20	43	1299
20	1753	4013
20	668	6534
20	1208	4663
20	818	3259
20	107	4276
20	739	3875
20	469	2698
21	36	7049
21	84	3091
21	282	5398
21	343	2823
21	583	3742
21	598	4181
21	737	5302
21	746	3262
21	810	4909
21	969	7229
21	1092	5970
21	1115	4764
21	1125	7317
21	1129	4134
21	1210	216
21	1214	4381
21	1303	2757
21	1522	4171
21	1574	5409
21	1717	7761
21	1947	6567
21	2136	7593
21	2333	3932
21	2422	7375
21	2679	2495
21	2688	6019
21	2974	2662
21	3672	5210
21	3693	6627
21	3942	6639
21	3958	3919
21	3973	5116
21	683	6769
21	788	865
21	990	5280
21	58	607
21	676	4596
21	311	5582
21	2302	1326
21	951	7610
21	226	4884
21	2319	4976
21	2265	4527
21	1127	2360
22	275	3477
22	357	7631
22	382	5100
22	723	7268
22	761	3333
22	785	1920
22	822	4456
22	830	6861
22	861	1409
22	914	5906
22	978	4953
22	1012	10780
22	1238	4792
22	1544	1085
22	1609	10200
22	1723	1803
22	1730	8399
22	1887	5523
22	2023	8205
22	2034	4152
22	2469	4531
22	2495	1044
22	2804	4322
22	3234	4650
22	3338	9073
22	3634	4463
22	3676	7203
22	3826	3190
22	1569	915
22	1097	8390
22	432	3222
22	802	8028
22	630	3494
22	505	1961
22	376	1761
22	1629	6103
22	614	2375
22	465	4756
22	426	8297
22	482	7893
22	138	218
23	234	2166
23	337	5187
23	596	4516
23	601	7057
23	1150	8490
23	1207	5739
23	1523	8546
23	1614	1972
23	2459	8652
23	2472	6287
23	2536	7279
23	2674	9379
23	2742	5569
23	2878	4973
23	2880	4215
23	2916	5869
23	2969	4997
23	3386	5590
23	3477	4566
23	3493	2752
23	3759	7635
23	3894	4443
23	3959	3049
23	3964	6689
23	982	3679
23	736	3311
23	738	8427
23	524	7472
23	1186	7761
23	673	4619
23	1882	338
23	1401	2164
23	1734	4188
23	705	7212
23	207	6959
23	644	8769
23	527	1990
23	607	3792
23	650	8445
24	60	7676
24	109	662
24	125	5163
24	317	4942
24	843	1620
24	963	2682
24	1087	1917
24	1250	1312
24	1281	4356
24	1983	6177
24	2079	1978
24	2094	6417
24	2164	5161
24	2259	2891
24	2284	5555
24	2308	7077
24	2870	2792
24	3059	2645
24	3158	6944
24	3267	6434
24	3571	6732
24	3807	6970
24	3960	4242
24	93	1165
24	599	3090
24	485	7226
24	537	5051
24	33	6875
24	117	5106
24	1026	5334
24	864	480
24	953	3139
24	170	6500
24	1571	5814
24	214	1954
24	681	1908
24	1187	7345
25	42	5136
25	228	1396
25	354	4193
25	449	4142
25	768	7653
25	1123	3272
25	1148	8109
25	1519	7605
25	1558	9096
25	1562	6978
25	1895	8853
25	2040	6606
25	2506	9122
25	2753	7958
25	2972	6601
25	3194	3782
25	3235	7795
25	3241	3951
25	3996	8759
25	894	10043
25	81	7189
25	1972	1909
25	2186	1313
25	1392	9200
25	2254	4212
25	2054	3879
25	1504	7367
25	2366	4643
25	236	905
25	698	4196
25	2017	8398
25	149	8521
25	964	5189
25	146	7184
25	1475	6670
25	1477	5468
26	40	7162
26	114	6976
26	124	4941
26	462	9791
26	514	6498
26	565	7382
26	568	2181
26	658	2608
26	703	3178
26	898	3602
26	1138	6501
26	1763	1832
26	1819	1108
26	1990	4534
26	2125	3181
26	2218	4796
26	2277	5042
26	2410	4744
26	2435	7005
26	2763	6540
26	2784	3197
26	2869	7410
26	3052	8597
26	3065	7852
26	3143	4269
26	3212	6173
26	3703	7229
26	3782	1315
26	89	7144
26	473	3439
26	254	5439
26	183	2980
26	303	6286
26	326	4932
26	421	6245
26	196	1952
26	1241	2077
27	70	5901
27	620	2350
27	692	1325
27	759	5364
27	974	868
27	1621	6699
27	1716	2994
27	2252	7987
27	2366	8003
27	2381	3442
27	2541	8439
27	2665	10714
27	2726	5673
27	2886	5521
27	3033	5191
27	3716	1802
27	3775	8789
27	3825	4008
27	57	2064
27	36	5441
27	194	7954
27	227	6392
27	736	5629
27	833	6579
27	40	5829
27	2086	1550
27	576	1992
27	851	6893
27	2224	4905
27	387	7743
27	382	4981
27	230	6649
27	1003	8936
27	1762	3701
28	241	8797
28	376	2118
28	516	6164
28	571	5929
28	988	5352
28	997	5822
28	1643	4605
28	2201	6239
28	2474	3651
28	2561	7634
28	2659	1427
28	2824	1529
28	2853	7073
28	3244	9283
28	3855	8079
28	550	4352
28	1257	6430
28	156	3696
28	661	3280
28	160	5721
28	1583	2348
28	1214	7271
28	607	3522
28	207	3078
28	2247	735
28	885	4851
28	325	3150
28	265	5542
28	127	6732
28	540	4602
28	86	5071
28	1156	2263
28	629	8764
29	168	4268
29	799	6502
29	1109	6445
29	1298	5970
29	1325	6249
29	1354	8238
29	1483	708
29	1651	3410
29	1844	7583
29	2414	3594
29	2887	9105
29	3253	9013
29	3602	5715
29	3783	1846
29	716	2722
29	918	3469
29	1207	7720
29	1740	3773
29	308	7055
29	512	3560
29	237	3746
29	56	3465
29	342	2070
29	1099	852
29	2216	4517
29	1789	8310
29	283	9214
29	33	5228
29	508	936
29	2143	9505
29	1951	5953
29	193	2117
30	66	3816
30	122	2938
30	144	5591
30	270	8502
30	797	8519
30	814	3077
30	1151	3073
30	1432	8478
30	1739	2264
30	2090	8352
30	2299	6847
30	2349	6642
30	2770	2188
30	2905	7900
30	3044	3557
30	3077	5614
30	3484	6666
30	3496	8332
30	3523	4668
30	3547	8113
30	3621	7369
30	3740	8987
30	3762	6089
30	3881	8047
30	3943	4995
30	1344	6479
30	2178	2704
30	574	5221
30	149	862
30	165	3217
30	1146	2977
30	1987	1467
31	333	4735
31	1444	8913
31	1469	5015
31	1829	6990
31	2297	5671
31	2314	6279
31	2431	3588
31	2612	3975
31	2889	6721
31	3218	2888
31	3356	8309
31	3479	7941
31	3710	6122
31	3929	2480
31	3940	3088
31	3956	5822
31	939	8116
31	1754	2551
31	1446	3815
31	480	2322
31	1674	5769
31	316	5955
31	1961	1357
31	605	6960
31	160	7858
31	2058	3617
31	175	4470
31	586	6758
31	568	4810
31	1777	2923
31	1352	6793
31	2069	9026
32	303	3930
32	373	3332
32	438	1876
32	643	4107
32	705	5131
32	771	2725
32	1493	5822
32	1934	5691
32	1964	4313
32	2108	6370
32	2456	3621
32	2704	3325
32	2749	4651
32	2915	7558
32	2928	2182
32	3133	6995
32	3274	4018
32	3287	5305
32	3434	3270
32	1223	3087
32	319	3370
32	1598	4578
32	1901	3531
32	1546	3698
32	698	2593
32	472	3894
32	211	4256
32	270	6335
32	1893	2390
32	989	7951
32	346	4475
33	133	6408
33	204	4745
33	595	6920
33	836	6868
33	1043	9436
33	1157	7518
33	1608	1764
33	1649	5312
33	1838	2415
33	2009	2075
33	2262	5468
33	2505	805
33	2713	3734
33	3245	5537
33	3268	5031
33	3309	2970
33	3325	5784
33	3690	3602
33	3771	3404
33	3976	2828
33	1347	5058
33	224	3609
33	192	7789
33	1934	6043
33	779	7779
33	77	1287
33	616	4618
34	45	4938
34	359	880
34	521	3475
34	1342	5963
34	1533	5708
34	1957	5976
34	2222	2814
34	2398	4123
34	2510	4753
34	2671	5919
34	2684	3092
34	3058	2176
34	3112	4414
34	3344	2167
34	3598	4802
34	1436	5110
34	1973	3389
34	827	4240
34	1819	2948
34	542	2547
34	1415	3577
34	1119	6144
34	1843	4069
34	2088	1741
34	1879	5087
34	209	5152
34	2168	2401
34	1938	1599
34	497	4952
34	801	1006
35	355	2258
35	374	9988
35	417	10386
35	1209	2286
35	1282	10436
35	1320	9125
35	1632	8716
35	1637	2540
35	2156	6863
35	2399	10741
35	2525	13521
35	2650	5021
35	2756	9148
35	2844	10233
35	2911	9814
35	3114	7376
35	3138	8387
35	3239	6107
35	3397	11702
35	3707	5093
35	3777	2291
35	1056	9157
35	641	6912
35	89	3639
35	179	11534
35	791	9061
35	1323	8467
35	415	7555
35	167	9489
36	182	7460
36	201	5983
36	287	2251
36	623	6122
36	881	3495
36	1567	5972
36	2327	6122
36	2426	10264
36	2440	6032
36	2599	3991
36	2729	8648
36	2733	8885
36	3830	6208
36	3852	4489
36	1042	3235
36	192	8995
36	764	1065
36	1980	6222
36	1169	9587
36	635	6183
36	1327	361
36	541	7169
36	387	4912
36	1602	5641
36	156	8027
36	69	1514
36	1929	10650
37	544	6991
37	635	1837
37	1022	8272
37	1178	8476
37	1228	2994
37	1256	6250
37	1312	7398
37	1550	7631
37	1607	7121
37	2053	2402
37	2101	6857
37	2157	5198
37	2174	3392
37	2392	1627
37	2651	9345
37	3080	2451
37	3249	7810
37	3350	3409
37	3530	6069
37	3921	7111
37	862	5306
37	604	6106
37	1822	1487
37	1790	3120
37	1750	6616
37	1047	4017
37	549	4295
37	1758	4000
38	128	5049
38	217	2178
38	345	6047
38	728	5095
38	1168	1550
38	1247	3606
38	1694	6618
38	1706	4566
38	1782	5276
38	1902	6709
38	1906	793
38	2017	7013
38	2383	4828
38	3188	1960
38	3492	1324
38	3705	5867
38	3891	6763
38	2204	3654
38	785	4763
38	1805	7073
38	259	2645
38	141	6821
38	439	4655
38	1744	5468
38	251	1250
38	616	1325
38	654	5519
39	150	6476
39	186	5168
39	276	6912
39	336	6076
39	619	4112
39	888	4960
39	1116	3580
39	1186	8446
39	1415	8157
39	1577	5295
39	1802	7499
39	1836	8008
39	1914	2715
39	1941	8081
39	1965	2307
39	2198	6615
39	2416	1413
39	2649	4100
39	2661	7658
39	2748	6452
39	3294	2660
39	3299	6360
39	3583	3770
39	625	5595
39	250	7774
39	815	1846
40	335	8206
40	796	4096
40	880	2816
40	942	5599
40	1090	5279
40	1413	3947
40	1535	5024
40	1958	6144
40	2236	2661
40	2374	5490
40	2518	2656
40	2566	6554
40	2590	3743
40	2682	2788
40	2842	1731
40	3588	5279
40	3597	5459
40	3781	3942
40	893	6532
40	2051	5149
40	65	7310
40	259	1589
41	158	5904
41	220	8455
41	351	5979
41	401	3643
41	493	7224
41	743	8154
41	1276	8840
41	1536	6399
41	1848	5011
41	2093	8496
41	2192	6175
41	2658	9022
41	2933	2963
41	2947	3731
41	3506	6485
41	3601	5234
41	655	3760
41	186	6829
41	1411	5325
41	1171	9216
41	221	9856
41	60	4753
41	1512	2124
41	298	10138
42	108	3990
42	235	2402
42	366	4902
42	707	3243
42	803	10009
42	1050	5348
42	1074	9912
42	1495	4038
42	1587	6096
42	1803	9515
42	1912	4373
42	2097	5565
42	2554	3762
42	2634	7101
42	2698	9916
42	2927	9706
42	3073	7216
42	3255	4051
42	3678	7743
42	3851	5058
42	1947	7414
42	243	8598
42	1584	6806
42	779	3985
43	473	2566
43	837	3744
43	1375	3470
43	1731	5592
43	1872	4313
43	2055	1808
43	2428	7879
43	2585	3924
43	2996	2997
43	3113	5180
43	3515	4854
43	3913	1490
43	3948	4794
43	1962	1480
43	295	8659
43	1729	2757
43	2031	4000
43	1068	7199
43	504	1166
43	1163	4734
43	161	4097
44	97	4467
44	174	2600
44	610	7833
44	792	2912
44	793	7740
44	860	5223
44	1099	3559
44	1252	2696
44	1275	4813
44	1626	7480
44	1744	1903
44	1860	2114
44	2025	6915
44	2468	8152
44	3041	5632
44	3576	3819
44	3846	5885
44	2002	4458
44	289	3115
44	2042	3246
44	1916	5191
44	941	5748
44	1555	2902
45	292	4294
45	587	1739
45	1404	5678
45	1789	3962
45	1890	5765
45	3463	4477
45	3784	6654
45	1265	6134
45	575	1538
45	190	2379
45	201	4938
45	663	6546
45	144	5446
45	678	5988
45	402	2645
45	751	9339
45	2064	4388
45	962	7725
45	396	3192
45	2292	3367
45	1309	2736
45	2281	7758
46	170	9510
46	381	2916
46	554	3550
46	790	6128
46	929	5778
46	1242	4669
46	1503	8152
46	1530	9929
46	1645	4414
46	1665	1915
46	1835	2061
46	2080	6154
46	2161	6674
46	2238	7673
46	2654	2500
46	2675	7263
46	2890	6821
46	3354	4266
46	3798	5449
46	1766	7526
46	484	4065
46	729	9774
46	584	7450
47	280	5807
47	520	4999
47	823	3300
47	846	3153
47	874	4541
47	949	2734
47	1072	3052
47	2444	6957
47	2859	2734
47	2967	8072
47	3715	3479
47	3954	4963
47	765	4029
47	771	2522
47	2369	2691
47	152	6424
47	677	3029
47	2103	6252
47	829	4249
47	390	2467
48	152	10846
48	157	1596
48	205	3578
48	606	12114
48	1742	7981
48	1865	4576
48	2507	8206
48	2736	4355
48	3987	8891
48	187	5631
48	216	10736
48	391	3081
48	303	1463
48	1236	6929
48	1634	4524
48	1328	5043
48	955	7625
48	2047	3795
48	395	1241
48	595	7429
49	1164	7039
49	1976	10780
49	2443	6995
49	2502	2085
49	3529	3461
49	2276	688
49	2019	3097
49	90	10156
49	2337	6277
49	161	6355
49	233	8593
49	337	9420
49	133	11152
49	1908	7348
49	917	3290
49	902	5683
49	262	1838
49	258	6367
49	1336	9812
49	589	5833
49	190	5753
49	806	7091
50	274	3922
50	503	4289
50	545	4397
50	687	6208
50	730	2790
50	918	5877
50	990	4733
50	1045	5813
50	1103	7310
50	1137	3842
50	1193	3508
50	1826	4477
50	1935	6441
50	2678	5233
50	3611	4214
50	2273	2276
50	1796	1992
50	907	2326
50	754	5862
50	2093	5209
51	813	6289
51	1399	5599
51	1538	545
51	2049	3530
51	2396	6742
51	2615	3293
51	2939	4170
51	3186	1085
51	3280	5568
51	3327	4214
51	3660	4542
51	3937	1363
51	2321	3904
51	2246	6149
51	1087	3866
51	2268	6152
51	984	6524
51	1826	2339
51	1148	4811
51	198	6403
52	315	6783
52	873	3948
52	1057	5714
52	1204	7863
52	1498	7891
52	1932	8901
52	2113	5035
52	2263	7547
52	2786	7216
52	3054	1928
52	3233	1990
52	3242	1058
52	3554	1819
52	2152	2283
52	1144	5378
52	1284	11030
52	775	1005
52	798	7435
52	1535	6803
52	1291	8805
53	258	6259
53	917	4589
53	1132	3735
53	1341	3990
53	1360	193
53	2336	2183
53	2843	3629
53	3140	3154
53	3384	6670
53	154	2619
53	2287	8472
53	756	1314
53	500	8579
53	400	5037
53	495	6091
53	326	836
53	331	1921
53	288	9273
53	823	4468
54	420	8381
54	979	916
54	1633	7720
54	1674	7050
54	2061	6270
54	2464	8403
54	3337	7409
54	3403	5522
54	3755	3557
54	3915	8332
54	2350	6360
54	2111	6656
54	1714	3393
54	1778	7590
54	285	5947
54	230	6875
54	2266	5330
54	162	6935
55	677	5474
55	750	2453
55	2050	6842
55	3579	3444
55	3652	5655
55	597	5328
55	714	1593
55	378	3570
55	1630	1841
55	1243	4039
55	1827	5758
55	1927	8014
55	517	5100
55	1325	5405
55	333	5173
55	1957	2101
55	1935	8780
55	2290	5709
56	301	7061
56	510	3077
56	2254	7320
56	2329	2062
56	2516	1493
56	312	1485
56	1295	7010
56	655	2443
56	481	2580
56	496	5535
56	132	7602
56	1828	5207
56	279	2929
56	236	6251
56	327	4665
56	1248	6508
56	1134	6177
56	814	3786
57	690	3309
57	2054	931
57	2791	1935
57	2850	3528
57	3010	9058
57	3030	6898
57	3057	6785
57	3677	6040
57	611	830
57	1641	217
57	1903	6749
57	859	6517
57	137	4013
57	2015	7485
57	135	3675
57	1609	1842
57	288	9812
57	400	6716
58	146	5711
58	250	3657
58	525	6954
58	857	2778
58	1171	4592
58	1269	3744
58	1979	5034
58	2550	4778
58	2806	4965
58	3206	3538
58	3373	5528
58	3409	3228
58	3433	4039
58	3488	6599
58	3584	1408
59	210	6403
59	688	3820
59	717	8290
59	1265	7380
59	1737	5233
59	2677	6814
59	2846	9485
59	2945	6998
59	3020	7968
59	3177	7051
59	3368	1212
59	3923	5947
59	1976	10255
59	188	6654
59	1538	5019
59	2144	6455
59	149	6766
60	239	3440
60	1299	3022
60	1951	6607
60	2098	8946
60	2577	8895
60	2871	4409
60	3497	8369
60	1066	1356
60	452	6429
60	300	1110
60	1283	5195
60	1873	8396
60	305	7468
60	2189	10616
60	441	1141
60	526	3100
61	192	8304
61	508	7956
61	613	4597
61	666	6944
61	887	7813
61	907	4482
61	1158	2741
61	1229	4303
61	1779	2991
61	2547	1073
61	3945	7401
61	1096	4163
61	1250	3027
61	205	6895
61	1816	2780
61	1369	1328
61	1633	7539
62	113	6296
62	547	3639
62	870	2929
62	1086	4389
62	1098	3998
62	1563	5279
62	2149	5901
62	2268	1783
62	2291	6035
62	3379	5899
62	3441	8927
62	3708	6560
62	3845	2322
62	568	6678
62	1192	8384
62	784	3007
62	1304	3264
63	701	5507
63	994	5273
63	1094	4947
63	1440	1152
63	2144	4933
63	3214	6439
63	3569	5776
63	3591	4131
63	3732	7386
63	3893	5613
63	3967	9436
63	450	8878
63	2355	7252
63	374	3889
63	408	7879
63	2201	7216
63	1258	1282
64	1995	7415
64	2741	4039
64	3204	7867
64	3210	9934
64	3464	635
64	3663	1820
64	845	8752
64	306	1926
64	1700	4295
64	1361	819
64	1978	1477
64	1261	3724
64	2028	4040
64	288	7138
65	358	2671
65	622	7129
65	738	2129
65	2929	2258
65	3003	4932
65	444	11411
65	182	4698
65	1711	6291
65	320	6352
65	1539	7799
65	913	1139
65	1590	7902
65	1794	4443
65	239	8542
65	922	2266
65	2214	5905
66	410	7452
66	1403	6902
66	1693	6006
66	302	2832
66	855	7597
66	479	4794
66	1610	3437
66	669	7101
66	1459	814
66	1580	3600
66	1179	7359
66	1109	2120
66	1367	5083
66	562	6473
66	92	4791
66	478	9581
66	409	2853
67	802	2896
67	1180	6940
67	1470	6915
67	1636	6321
67	2126	8888
67	2892	7990
67	3170	10548
67	3370	8150
67	883	1030
67	166	8338
67	145	2128
67	235	10268
67	1702	5163
67	366	6305
67	1733	6044
67	1225	9969
68	661	8795
68	1475	6776
68	1762	1867
68	1980	3039
68	1991	8623
68	2133	9272
68	2606	7489
68	2638	4221
68	2644	4684
68	3417	6923
68	3550	4834
68	1442	5452
68	820	2545
68	1831	8802
68	733	7936
69	752	4260
69	824	3311
69	847	6026
69	2010	8164
69	2335	8288
69	2949	9487
69	3324	914
69	801	5190
69	1809	7293
69	760	6105
69	165	5183
69	1193	6421
69	1293	6810
70	428	7085
70	1309	5114
70	1436	6846
70	1581	2847
70	2632	6937
70	2896	5340
70	3977	4767
70	1518	6367
70	1897	4418
70	2245	9028
70	1548	4783
70	844	2648
70	1423	8718
70	359	3368
70	1360	2112
71	425	4403
71	434	2492
71	3989	4290
71	581	6711
71	890	4108
71	1832	2641
71	2072	5022
71	236	3475
71	2264	4190
71	545	4085
71	1781	3247
71	2012	2429
71	1151	2701
71	247	2361
71	130	1653
71	1285	4780
72	352	5599
72	1680	5374
72	2109	7667
72	2375	4600
72	1274	4139
72	1076	4862
72	2285	4866
72	378	4880
72	610	9791
72	427	5599
72	1974	3035
72	762	7047
72	2011	7318
72	1877	8478
72	2184	8333
72	409	5498
73	1972	5389
73	2551	4964
73	2999	3496
73	3196	2586
73	3661	6065
73	1631	3086
73	112	3020
73	660	6053
73	317	1300
73	2183	2071
73	622	6057
73	707	4358
73	959	1333
74	380	5948
74	437	6250
74	655	4512
74	1277	5255
74	2089	7222
74	2653	2039
74	2695	5833
74	2894	2788
74	3860	2745
74	1301	3518
74	170	6432
74	2073	2477
74	1851	1081
74	328	5721
75	267	2202
75	320	3596
75	641	7175
75	2105	4228
75	2691	5071
75	3193	1078
75	454	3487
75	788	1016
75	711	2969
75	2311	1995
75	1113	3600
75	1681	1834
75	1321	3310
75	153	4219
76	597	2861
76	637	2850
76	1222	3661
76	1224	3830
76	2072	5718
76	2425	1316
76	3537	4812
76	2279	4788
76	529	6341
76	217	2426
76	249	1589
76	992	2304
76	1551	2847
76	187	6127
77	586	5498
77	788	5655
77	1334	7421
77	2365	1941
77	2438	3771
77	2611	2875
77	2664	1206
77	2790	1607
77	2930	7310
77	3832	3013
77	287	3805
78	679	3364
78	1037	3500
78	1075	7078
78	1143	9670
78	1611	5836
78	1908	1956
78	2000	6000
78	133	3151
78	452	4149
78	1841	3489
78	1035	5057
78	200	9058
78	1124	888
78	1561	6259
79	739	1604
79	882	4951
79	1236	4671
79	1472	3800
79	3374	9029
79	3394	6809
79	2100	6950
79	686	5142
79	1190	6518
79	666	5786
79	379	5309
79	831	7011
79	1591	4216
79	680	8199
80	676	2350
80	1355	4578
80	1852	7208
80	3836	7420
80	424	5157
80	245	1731
80	436	4421
80	631	2873
80	256	6089
80	1894	4064
80	1395	5021
80	210	7636
80	330	2186
80	349	1392
81	421	3285
81	552	4547
81	725	5089
81	2390	5849
81	931	5761
81	353	4511
81	935	4556
81	1616	2473
81	96	6804
81	2307	8668
81	2218	858
81	1895	2907
81	737	3775
82	500	9109
82	1227	6716
82	1319	6792
82	2039	5639
82	161	4035
82	451	8620
82	485	6831
82	351	7927
82	750	5152
82	376	9285
82	183	6215
82	1689	4416
82	653	2953
82	715	9015
83	251	4293
83	378	3485
83	399	8258
83	2171	7356
83	3874	7170
83	401	1796
83	265	4566
83	2242	3405
83	124	1978
83	358	6635
83	276	7884
83	1568	1619
83	322	2177
83	600	8202
84	2186	5611
84	2357	2974
84	2393	1397
84	3385	976
84	3526	1402
84	340	6530
84	625	2679
84	1200	5984
84	1255	6363
84	717	3634
84	364	5122
85	892	4115
85	1093	3261
85	1040	4062
85	1506	4304
85	335	4862
85	1158	5323
85	1493	3338
85	541	4340
85	1433	3145
85	1566	3341
85	189	3678
85	243	3466
85	1180	3998
86	1963	9447
86	2150	6258
86	718	7419
86	2196	3628
86	609	12445
86	417	5966
86	2270	6817
86	585	8353
86	720	1070
86	1635	6684
86	353	3877
87	1371	8453
87	1393	4189
87	1540	4186
87	1635	7971
87	2562	3930
87	2808	8174
87	3096	8691
87	832	6352
87	1118	8739
87	145	7961
87	1627	6002
87	778	6136
87	2207	1302
88	190	1155
88	409	3628
88	772	4873
88	1020	6212
88	1052	4866
88	1477	5242
88	1710	3905
88	2447	5925
88	2455	5180
88	2488	6848
88	2862	6865
88	3039	6062
89	953	7087
89	1073	6096
89	1824	1707
89	1383	4916
89	919	8167
89	2343	4298
89	512	4328
89	423	5079
89	924	1308
89	908	4616
90	2754	8659
90	2815	4233
90	3224	4474
90	803	2459
90	1913	2868
90	692	852
90	1905	7278
90	1348	6873
90	227	6592
90	1007	5203
91	116	2745
91	394	8055
91	2377	6102
91	2405	4251
91	637	8212
91	121	9205
91	1712	2413
91	96	8738
91	1464	5906
91	948	11000
91	102	6226
91	1582	2926
91	281	9605
92	532	7607
92	1080	5092
92	1211	5129
92	2249	4370
92	3248	4892
92	405	2547
92	1685	6404
92	2109	6421
92	2358	3175
92	2140	9772
92	1157	7903
92	121	7516
93	1081	7067
93	1425	1979
93	1805	10848
93	1948	3700
93	2646	6122
93	3369	7940
93	3548	4588
93	321	6144
93	457	3999
93	1269	6978
93	1648	1700
94	1145	3729
94	2372	2742
94	3469	5152
94	2036	3647
94	493	1106
94	1787	3720
94	1242	2231
94	1273	7562
94	2359	1893
94	591	6757
94	1930	4880
95	249	6124
95	538	4347
95	775	4161
95	1245	5361
95	2360	570
95	3726	2323
95	691	5527
95	1038	5121
95	2085	4803
95	459	2033
95	390	4226
96	353	2476
96	1973	1220
96	2293	1970
96	3029	8527
96	3674	6001
96	246	4371
96	337	7080
96	1833	5362
97	1883	6791
97	2368	3832
97	2745	4078
97	3414	6680
97	1494	2498
97	1900	6817
97	555	1809
97	2032	8184
97	452	3180
97	1334	4816
97	561	4789
98	2856	11198
98	1917	8417
98	290	6789
98	293	7635
98	388	6758
98	1365	4724
98	1953	9286
98	648	6341
98	2121	5123
98	222	934
98	509	10607
98	1793	8877
99	1692	9546
99	330	10402
99	397	10114
99	100	5633
99	125	10114
99	151	3251
99	1233	8814
99	587	4390
99	334	1048
99	132	5854
99	1855	7376
100	1369	5495
100	1455	3324
100	1517	6703
100	2403	6375
100	2437	5197
100	398	4883
100	1605	1948
100	1434	3420
100	620	3275
100	532	5658
101	1473	4909
101	3307	1167
101	3313	7140
101	2078	9306
101	476	1675
101	708	5523
101	685	4609
101	523	4681
101	295	2355
101	1669	4105
102	555	2205
102	557	1604
102	901	6703
102	3334	2353
102	1043	6300
102	1640	5278
102	349	1994
102	709	7159
102	381	7315
103	569	2507
103	966	2460
103	1131	5717
103	1382	3912
103	1410	3595
103	1349	4065
103	640	3501
103	623	5101
103	524	6360
104	615	4643
104	2451	7272
104	2580	3008
104	3590	7099
104	767	5246
104	1661	3107
104	2208	7567
104	1532	6006
104	1053	7066
104	1659	1845
105	319	756
105	826	7078
105	1616	2868
105	1708	6169
105	2956	5146
105	3148	5008
105	2095	1457
105	516	4948
105	1453	7490
105	1116	4262
105	1230	2807
106	1485	5854
106	2462	4094
106	233	7068
106	1864	2648
106	438	5271
106	1396	3265
106	241	4263
106	1981	7086
106	592	3477
106	1628	3014
107	322	862
107	1104	6271
107	1654	1428
107	2016	1693
107	2391	3902
107	3085	7958
107	377	872
107	1467	2660
107	493	5925
107	1491	9497
108	365	2182
108	993	4491
108	2485	8086
108	2529	3844
108	3048	5127
108	3201	1203
108	2117	4293
108	1073	1340
108	1153	2635
109	2264	5306
109	3500	4070
109	344	4775
109	408	6377
109	553	5392
109	216	4781
109	965	4947
109	484	2022
109	2035	2468
109	1290	4117
110	126	5569
110	413	6929
110	1077	4767
110	1687	5096
110	2123	8044
110	2635	4222
110	3071	7407
110	3951	5554
110	816	2311
110	1885	4080
110	199	6139
111	1619	2129
111	1727	7641
111	2117	2515
111	2582	846
111	2825	8856
111	3040	5311
111	3329	4259
111	3430	2614
111	3612	6242
111	3761	3236
112	681	6185
112	766	8785
112	2394	760
112	2429	8197
112	2788	1356
112	307	9997
112	127	7522
112	851	2738
112	714	8353
113	1249	3079
113	1289	3252
113	3359	7101
113	3444	4518
113	1294	6356
113	2161	6234
113	184	1489
113	401	2915
113	1649	1020
113	1770	1002
114	734	7582
114	1001	7446
114	1133	4821
114	1855	4847
114	2992	7617
114	3092	4951
114	3499	7592
114	2021	5520
115	426	7131
115	1873	5363
115	2478	4991
115	3704	5075
115	834	1651
115	1382	5999
115	1297	1867
115	370	5055
115	1679	2717
115	567	3940
116	385	3782
116	789	6611
116	975	1631
116	1454	1711
116	3734	6695
116	3790	9333
116	808	6778
116	585	3691
116	229	6494
116	857	9333
117	770	10530
117	2208	10395
117	2241	7204
117	3083	8176
117	3436	6949
117	477	10710
117	2004	5855
117	383	5791
117	1408	762
118	172	7467
118	3633	9538
118	1195	8122
118	506	7604
118	613	2466
118	2135	910
118	405	5598
118	188	7777
118	456	6270
118	545	9615
119	1138	2843
119	759	3601
119	1595	3646
119	1849	5258
119	1366	6925
119	534	6990
119	2278	5042
119	150	7587
119	2353	3141
119	636	4578
120	763	3466
120	1638	5302
120	2966	3186
120	618	4153
120	561	3963
120	603	4535
120	1680	2329
120	1652	875
120	337	4766
120	946	3631
121	2001	5490
121	2581	6154
121	3681	4355
121	3835	2406
121	2283	6724
121	1563	4619
122	1647	7638
122	2609	8608
122	1388	2590
122	1761	9081
122	329	4717
122	355	7858
122	498	5934
122	165	5953
122	328	2746
122	1993	3025
123	177	3656
123	314	998
123	3049	5843
123	1282	3046
123	1600	3909
123	1478	1994
123	348	5970
123	1333	1823
123	2272	2430
124	300	3811
124	1850	5782
124	1925	3963
124	2696	8681
124	2906	9108
124	2976	1383
125	219	3216
125	2145	5873
125	2620	7738
125	3446	7543
125	3805	3454
125	3985	4563
125	547	8272
125	1926	4141
126	1532	10054
126	2893	7524
126	3022	7427
126	3223	979
126	321	8630
126	1312	720
126	1316	7946
126	876	8603
126	803	5430
126	669	10208
127	3509	2885
127	3919	5645
127	3938	7099
127	473	3207
127	2346	8889
127	1691	6462
128	530	3370
128	2602	1206
128	2692	1605
128	3655	3412
128	3868	5593
128	563	6057
128	680	8042
128	335	3405
129	1815	10575
129	1861	6732
129	2111	5891
129	2570	6111
129	2766	7804
129	3345	2810
130	2339	3623
130	1786	5841
130	134	6768
130	1209	6762
130	365	3486
130	176	5484
130	475	4829
131	1816	8760
131	430	7445
131	467	8677
131	1718	10215
131	1238	3646
131	799	5502
131	932	3085
132	313	3671
132	625	6042
132	851	5447
132	1120	6529
132	1729	5746
132	2556	8085
132	3137	2676
133	1564	1611
133	2187	10048
133	3135	11587
133	1299	7422
133	2298	4319
134	154	7502
134	663	8513
134	1006	11870
134	1584	3383
134	1596	4270
134	3642	8769
134	3887	8408
134	158	9817
135	877	3030
135	2849	2474
135	3164	3450
135	3982	4132
135	307	4949
135	1505	4660
135	1804	6276
136	801	5254
136	2926	7214
136	1216	2779
136	618	3246
136	2123	7852
136	741	7683
136	2253	10171
136	1260	5236
137	1882	4095
137	2494	4441
137	2897	5722
137	2249	2969
137	969	5630
137	2309	2787
137	2173	686
138	651	8199
138	992	8085
138	1528	6950
138	3476	991
138	3539	7284
138	910	8033
138	1252	6113
139	1179	5381
139	2311	6353
139	889	5466
139	274	1514
139	510	7139
139	822	4678
139	1593	4853
139	2033	5690
140	388	4805
140	486	6659
140	998	8543
140	1997	7660
140	2338	8577
140	2971	10836
140	184	6187
140	163	3859
141	3305	6401
141	2046	7366
141	1719	6092
141	599	5234
141	1940	2426
141	1370	9370
141	461	8046
142	682	8334
142	2601	2276
142	3169	2973
142	450	5515
142	2074	3721
142	316	6174
142	1126	2277
142	2303	4023
143	1076	10056
143	1746	5085
143	1772	4873
143	3420	5480
143	3482	3234
143	3606	5799
144	1122	5965
144	1927	10213
144	2197	5156
144	3275	5211
144	3308	8875
144	362	7113
145	656	7520
145	2588	4796
145	3731	861
145	759	5122
145	249	4210
145	253	7490
146	3366	3654
146	3542	793
146	3727	9384
146	3888	9659
146	593	4643
147	499	6747
147	2876	4853
147	258	2097
147	311	2135
147	1683	8934
147	440	217
148	996	2859
148	1324	7478
148	1423	6374
148	2666	3726
148	3012	8263
148	515	8052
148	1194	2682
149	2626	5316
149	3404	8402
149	649	7304
149	264	9504
150	1617	2884
150	2912	5020
150	3055	7444
150	3240	7775
150	3520	7245
150	2176	11848
151	1373	4104
151	2047	6238
151	3269	7942
151	3804	1812
151	3979	4581
151	728	7075
151	2365	5963
152	755	7581
152	863	4823
152	3456	6595
152	3741	1564
152	3946	6536
152	3995	3971
153	1725	8090
153	477	423
153	1448	11417
153	1620	6933
153	1556	2131
153	671	9303
153	1125	7707
154	2909	1842
154	1564	1723
154	264	6705
154	2259	2568
154	267	2500
154	2200	5787
155	1480	4293
155	997	7992
155	1844	4287
155	1799	7333
155	170	6521
155	1767	1165
155	492	2557
156	482	1114
156	3000	4364
156	3155	5958
156	817	5699
156	1588	8717
157	3991	6208
157	206	3548
157	1639	8966
157	636	7477
157	2260	7965
157	986	1290
157	572	5862
157	402	6824
158	1025	9020
158	1822	2334
158	2007	1272
158	298	9156
158	2301	6109
159	1046	2986
159	2056	6530
159	3067	6777
159	3787	5161
160	342	9417
160	2077	7152
160	2534	2811
160	3823	8518
161	411	3100
161	2519	4566
161	3349	2472
161	2349	3109
161	1596	2606
162	696	1881
162	1367	5517
162	1524	2859
162	1912	2745
162	813	1988
163	773	1747
163	2194	7547
163	403	4550
163	2225	2197
163	1982	6951
163	848	2023
163	1086	6737
164	1841	1529
164	1749	4070
164	214	4271
164	1357	3960
164	325	4070
164	1012	5527
165	626	6740
165	938	9591
165	1268	5071
165	1698	7915
166	1580	2363
166	3999	5922
166	486	1396
166	653	5417
166	2147	3742
167	3886	4586
167	488	9109
167	1267	6369
167	520	7313
167	623	6254
167	858	3129
168	951	389
168	1119	8430
168	1386	5826
168	2006	756
168	240	7110
168	566	8644
168	437	4433
169	1395	6366
169	2970	6575
169	3330	9438
169	528	8654
169	822	3379
169	173	1044
169	305	6076
170	962	9053
170	1213	4587
170	1834	7145
170	994	9454
171	3592	7993
171	911	5514
171	733	4821
171	1898	4066
171	624	3740
171	258	3565
171	278	8759
172	2211	7696
172	2690	3798
172	277	1048
172	324	2437
172	2191	5134
172	1286	531
172	588	3681
173	203	8941
173	1521	4549
173	218	6562
173	1886	10267
173	2240	7770
174	2128	6705
174	544	4927
174	364	2725
174	2037	2449
174	838	4957
174	730	4187
175	1907	7613
175	2185	2867
175	2647	6399
175	2826	3296
175	1311	3670
175	2052	9896
176	2448	7513
176	3312	11135
176	3504	5248
176	675	8628
176	1259	3544
176	202	9143
177	1212	1862
177	2838	4664
177	1375	4663
177	905	4445
177	651	5655
177	433	6997
178	400	3848
178	1565	8989
178	1716	6931
178	993	2740
178	2236	9343
178	2034	4911
179	2994	10801
179	3014	6551
179	1840	6192
179	1955	2496
179	484	5683
179	203	9112
180	3514	3935
180	1608	5213
180	230	3606
180	2003	3440
180	2101	5987
180	767	3121
180	1738	1565
181	1704	5487
181	2151	5427
181	2513	5738
181	601	4246
181	800	9322
181	309	5160
182	335	3601
182	319	6083
182	1925	4392
182	311	6028
182	1920	6143
182	2179	4102
183	533	3547
183	1351	4617
183	3876	2440
183	318	7462
184	2406	5564
184	617	6195
184	471	496
184	1723	2687
184	230	1243
185	1016	996
185	1378	11407
185	187	2322
185	312	6322
185	899	2565
185	1553	8045
185	1502	6026
186	1061	5731
186	1482	2728
186	3303	5638
186	429	2279
186	2187	4044
187	1954	6602
187	2177	4064
187	2089	5764
187	1531	10360
188	1795	6496
188	2078	9434
188	1403	7935
188	1501	7058
189	3300	10530
189	3817	7883
189	977	4196
189	1663	7283
189	1732	6951
190	419	3784
190	961	2603
190	2592	5223
190	2657	3683
191	1017	4853
191	2837	3036
191	332	6580
191	732	7151
191	949	7882
191	2244	4433
191	2079	8879
192	238	1866
192	3335	7074
192	1338	853
192	1147	8763
193	911	4771
193	1262	8752
193	2484	3912
193	3494	6260
193	723	6075
193	1449	1196
194	255	4371
194	240	4215
194	2061	1890
195	639	7499
195	3023	5525
195	1949	9321
195	2252	1792
195	960	8838
196	1747	4069
196	399	7832
196	2030	4747
196	682	7915
196	1390	6447
197	1741	7309
197	647	8271
197	2255	3139
197	843	9768
197	2169	10280
198	1089	5841
198	1439	2798
198	2020	5355
198	3862	4007
199	648	2318
199	1255	3564
199	2106	3952
199	2048	5626
199	1802	5346
200	364	6090
200	3005	5848
200	1350	3405
200	799	4903
200	1785	3915
201	2065	10622
201	2694	3213
201	3699	7307
201	777	6164
201	756	5369
202	1064	5227
202	2219	566
202	411	1746
202	730	3558
202	1914	3957
203	2224	4574
203	3361	5242
203	3745	4360
204	2718	8170
204	1892	9350
204	1543	6342
204	631	6875
204	724	7665
204	1314	6947
205	2708	2708
205	2312	2346
205	250	5713
206	905	5388
206	3631	3806
207	976	5604
207	2616	5390
207	3820	2504
207	1182	4968
208	1244	7293
208	1466	6967
208	1812	3952
208	1542	528
208	504	2396
209	459	6087
209	1361	3364
209	1526	4773
209	1743	1214
210	1896	5001
210	2221	6840
210	278	9829
210	688	6792
210	506	5766
211	405	8323
211	2216	6293
211	290	9593
211	1417	1743
211	2139	4224
212	961	5594
212	880	3311
212	1329	2475
212	1496	5518
212	262	8755
213	1630	1649
213	2200	6351
213	2921	3705
213	810	3496
213	446	4321
213	418	3155
214	3319	6296
214	1673	8565
214	283	3072
214	215	7056
215	726	5475
215	409	3881
215	826	2213
215	1030	1787
215	451	2661
216	3870	8704
216	1473	6042
216	1062	5305
216	724	7114
217	2787	7155
217	3185	9256
217	3779	10126
217	552	2748
217	752	6098
218	894	8044
218	755	5132
218	1023	4524
219	3042	4111
219	425	5674
219	1471	6937
219	690	5552
219	1619	7531
219	245	6134
220	2153	9725
220	3099	4760
220	3696	5622
220	2345	7924
221	1379	9612
221	1522	6993
221	1443	8167
222	1455	9338
222	878	6494
222	370	3625
222	1419	7103
222	241	8665
223	2289	4622
223	426	1966
223	600	8901
223	367	7111
223	306	9904
224	1240	5019
224	451	3266
224	849	2802
224	225	5427
225	1285	1954
225	3061	6076
225	741	830
225	1677	1695
225	2251	6851
226	1183	6397
226	3972	3514
227	719	4484
227	2803	3984
227	824	6734
228	778	3964
228	1871	1636
228	3448	3007
228	906	4056
228	399	4014
229	383	1390
229	2703	1370
229	3209	4331
229	829	3828
229	230	4252
230	2402	3443
231	812	3415
231	1240	4727
231	2245	6631
232	256	2852
232	664	3013
232	1024	2663
232	2209	4725
232	666	6398
232	872	5387
233	842	6763
233	3752	4620
233	3944	4516
234	3383	6325
234	2039	3754
234	707	4942
234	272	2352
234	535	3839
235	3992	7029
235	474	8746
235	774	9201
235	364	2362
236	1560	8442
237	2156	3942
237	1413	3919
237	1421	2726
238	1899	8773
238	839	8564
238	2124	6297
238	373	5189
239	339	5939
239	1464	5440
239	3834	958
239	2330	2490
240	551	3845
240	3008	8465
241	2540	10310
241	848	3694
241	1004	8540
242	2328	7388
242	847	2434
242	921	5418
242	1377	1935
242	1946	5141
243	2968	10390
243	331	1150
244	819	5419
244	1956	3590
244	1210	5510
244	1343	3496
244	1772	5342
245	2237	3680
245	272	5987
246	551	4763
246	983	2793
246	2206	6185
247	1814	7791
247	1817	5590
248	3651	2769
248	860	3272
248	1110	4794
248	2338	3510
248	850	3828
249	976	2953
250	446	6297
250	2046	6601
250	363	1242
251	1331	6826
251	1424	7059
251	395	6738
252	1692	601
252	1000	4163
252	621	7892
252	1150	8907
252	2198	8192
253	2331	2914
253	1227	3648
253	419	1196
253	1416	5897
254	608	4548
254	1068	8536
254	896	1792
255	3553	5872
255	828	6342
255	477	5536
255	1769	957
256	1622	8170
256	265	6396
256	2010	2104
257	693	8081
257	2295	2653
257	272	8791
257	463	8915
257	1373	6153
258	1765	850
258	1520	3330
259	3673	2458
259	1570	5488
260	1198	4333
260	2347	2549
260	349	3283
260	2288	1408
261	2310	5984
261	536	8520
261	2318	7441
261	1074	1712
262	806	8652
262	619	8308
262	1709	8393
263	2353	5973
263	963	6010
263	731	3425
264	637	4016
264	1454	8138
265	413	3234
266	306	2757
266	776	1759
266	3490	782
266	2317	3729
267	363	3639
267	1035	1713
267	3473	7593
268	1263	3602
268	481	6160
268	1018	4327
268	683	6289
269	1132	4771
269	1160	9660
269	695	8999
270	2408	6124
270	1607	4703
271	1163	7204
271	413	2699
271	2164	3109
271	381	5450
272	2280	7919
272	293	4579
273	773	9144
273	1966	9364
273	1667	3697
273	725	4840
274	2812	3918
274	1990	3149
275	3723	6190
275	426	6026
275	357	6585
276	3587	4847
276	1656	2503
277	302	6148
277	1317	1706
277	1603	4390
278	1476	6364
279	853	6881
279	1920	6597
279	2352	10599
280	2501	3975
280	345	6090
280	303	8216
280	937	6439
281	3339	1788
281	483	7417
281	419	8079
281	1229	2785
282	395	3003
282	1601	1980
282	2226	7162
282	644	8322
283	3357	3861
283	1675	3439
284	1055	7345
284	1496	10285
284	1559	9204
284	3047	8136
284	3925	6115
285	2285	5692
285	2935	1317
285	1326	2283
285	2081	4867
286	1984	4494
286	3878	4660
286	1088	4074
286	424	758
286	1212	3345
287	356	10692
287	1877	11640
287	2294	9232
287	2544	10506
288	1752	7191
288	1319	7094
289	1231	5191
289	2813	9020
290	3290	4774
291	1681	9866
291	3110	6390
291	2361	4519
291	309	7711
292	1451	5367
293	3011	3776
293	3955	3738
294	627	4382
294	1938	3582
295	2737	8599
295	1341	8121
296	1640	528
296	1529	5838
296	581	4753
296	2134	4899
297	1218	1945
297	2762	4200
297	3468	1857
299	447	4929
299	1776	5318
300	1028	6446
300	2027	6808
301	431	5249
301	1374	4847
301	1911	8479
302	1071	6318
302	350	11910
302	836	10459
303	1670	2002
304	1243	6546
304	3017	2981
304	3410	2632
306	360	10617
306	575	2088
307	1029	4847
307	812	5341
308	999	5447
308	1722	6453
308	383	3744
309	2191	4516
309	3013	4679
310	3863	1205
310	2158	8457
310	737	4943
310	531	6950
311	687	5507
312	1971	6719
312	2776	5823
313	3801	1215
313	1203	4213
313	2083	4027
313	384	2068
314	2284	3191
314	688	3576
314	2041	3090
314	594	4062
315	876	6779
315	2122	3049
315	3002	7235
315	3131	700
316	2116	8826
317	2230	6895
317	3016	1552
318	571	3690
318	1480	7272
319	686	7479
320	1426	9292
320	3538	7477
321	971	5149
321	2253	11750
322	1979	684
322	830	5234
323	1849	7433
323	510	4037
323	443	6103
324	523	4450
324	833	5172
325	590	7697
325	784	8053
326	1800	1965
326	361	6932
327	3326	2570
327	388	3304
327	1774	4955
328	522	7435
329	2777	4774
329	870	6961
329	420	2008
330	1056	5587
331	1427	6971
331	3149	8830
332	2018	7478
332	2014	2699
332	1276	6599
333	573	5258
333	529	2996
333	580	5937
334	2334	2622
334	1031	7040
334	1613	5037
335	1774	9309
336	2026	1235
336	2997	9433
336	3454	1438
337	3391	8294
338	1939	5489
338	745	4452
338	1728	6470
339	812	3942
339	1759	1722
339	780	3884
339	700	7183
340	1970	9533
341	1539	3581
341	1287	1066
341	727	1709
342	654	6279
342	503	7546
342	1971	8000
343	1586	5026
343	3709	6673
343	391	4609
343	1337	8882
344	2861	2460
344	1155	6736
344	721	1945
345	567	6934
345	382	5764
345	818	4123
346	511	6647
346	1121	3940
346	1552	6367
347	1424	5876
347	497	1287
347	494	9872
347	483	9308
348	2318	7964
348	1646	6241
350	2940	1860
350	1995	6721
350	359	5671
351	3522	769
351	1061	7903
351	782	2741
352	2530	5671
352	2816	2001
352	3471	1211
352	1164	5776
353	1499	3454
353	3095	2769
354	2445	2556
354	467	5861
354	815	6703
354	2067	997
355	2066	8264
355	3270	5166
356	1791	8507
356	873	7897
356	787	6563
356	1059	8994
357	1931	9356
357	3007	1555
358	1509	5935
358	3333	5596
358	412	7040
359	1711	142
359	2432	1648
360	1316	3270
360	1262	8725
360	658	4807
361	1930	2913
361	372	5567
361	1399	5860
362	783	881
362	1570	7054
362	823	2507
363	3774	3178
363	1984	2221
364	1835	4955
365	2973	5567
365	821	7688
365	467	9073
366	438	2573
366	796	3748
367	582	4209
367	1875	3663
367	511	3465
368	3684	4627
368	2275	2386
368	1975	2434
369	2286	2646
369	1801	7681
369	528	7758
370	433	3308
371	3340	2020
371	826	2219
371	1254	1510
371	1079	3793
372	1491	5386
372	3900	3672
373	588	7850
373	441	1920
374	1511	7912
374	1945	6976
375	436	1887
375	1206	3825
375	2350	1783
375	2771	2683
376	1420	8000
376	3024	5760
377	825	6738
379	832	5613
379	2141	10391
380	3411	5471
382	2105	1274
383	3066	1965
384	2305	2430
385	1907	6432
385	1072	2153
386	2229	4664
386	1977	9073
386	2277	4313
387	1707	4952
388	1889	6763
389	1348	4487
389	3895	4374
391	700	1049
392	2326	3709
392	3608	978
393	2345	7620
393	1376	5277
393	511	1058
394	1425	6838
394	797	3917
394	466	6674
395	509	7698
396	459	6929
396	1389	7972
397	407	10149
398	433	5215
401	2686	6700
402	3505	8150
403	821	6578
403	1051	3045
404	781	5265
404	1199	6617
405	1500	9733
406	1625	10151
406	1131	8989
406	888	6783
407	1452	7814
410	446	7432
410	2197	1948
410	577	4554
411	3489	3499
414	3981	3481
415	2424	2970
415	1045	5401
416	1880	5227
416	475	2556
416	1858	5075
418	721	3029
418	2068	2289
420	471	2138
420	1266	1779
421	1967	6017
421	2335	5827
422	1919	1533
422	2120	7082
422	540	6072
423	3935	8945
423	2113	8198
424	536	6070
425	728	6319
427	2063	1969
427	539	1857
428	2866	8320
428	1492	10386
430	440	8370
430	534	10289
431	1079	6965
431	1346	6813
432	2471	8078
432	3228	2514
434	1669	4085
435	3534	2621
436	679	10801
436	1054	6853
437	981	6243
438	1058	1174
439	1647	4646
440	804	5056
441	1206	3222
442	1463	9936
442	642	4544
442	2316	2922
443	830	49
444	2558	7130
445	840	5900
445	3735	1422
446	3763	7001
447	2016	6775
447	455	6327
448	1507	5929
448	1820	5933
448	2325	3758
449	923	2195
449	518	3363
449	2038	2501
450	732	7810
453	1283	7853
453	2091	5005
453	3485	3518
454	1848	7513
455	464	7800
455	3168	7804
456	2071	4666
456	2211	3386
458	2060	1365
458	3535	1785
458	2162	6991
459	2828	6542
460	1286	2841
460	1422	3708
462	912	1247
463	828	6479
464	1697	883
464	2062	5712
464	2009	1069
465	1159	3752
465	3812	9631
468	933	1965
468	1039	3697
469	936	4686
469	3116	4239
470	923	3715
470	1515	5422
470	2493	1896
471	1516	6127
472	930	8111
473	486	1528
474	634	2285
474	674	4425
475	518	7685
476	1739	2238
476	2294	2173
479	3401	4150
479	1695	3455
480	706	4932
481	2758	2211
482	714	3596
483	1215	9592
485	2622	3868
486	1923	1283
487	958	6354
487	2074	4208
487	3081	2705
488	2151	4742
489	2989	2655
489	1398	6930
489	1078	8835
490	3296	6573
491	2811	6745
493	2323	5260
494	1381	8105
494	2217	4334
496	2267	8873
496	884	5326
499	3649	6177
499	2007	5851
499	522	5546
500	2232	10630
500	1710	1172
501	2864	1728
501	3483	7172
501	3928	2131
502	1933	2231
502	543	5483
503	1461	2683
503	1604	3906
504	1011	6883
505	809	3189
507	1174	4738
507	1322	7053
507	1363	3685
508	1859	3667
509	1523	10845
512	2090	5356
513	514	9053
514	987	6755
514	705	6995
515	1880	6504
515	1368	6520
516	1768	998
516	2701	1971
517	2523	9330
518	1010	7261
519	1080	194
519	996	3970
520	559	4700
520	1831	6302
521	867	4530
521	1606	3791
521	734	6144
522	2768	3491
523	850	4865
524	3431	3003
525	3578	3997
525	3786	8476
526	1648	6608
526	2029	1986
527	2219	6369
527	1985	7849
529	1921	9413
530	1024	986
530	2175	7418
531	533	2719
532	558	8044
533	852	4725
535	659	5934
537	2076	5611
538	2222	2943
538	846	4529
539	731	2305
542	719	5758
543	751	5736
544	3159	8390
548	2322	4238
551	1016	7635
552	1112	798
553	1652	3561
555	945	2537
557	1655	5689
557	601	4371
559	1205	3366
560	1717	4971
560	2299	5104
564	1586	6211
564	674	7491
565	1618	7106
565	1997	9627
566	792	5454
569	2313	3931
569	2149	6550
571	638	5464
572	1353	7376
573	702	5321
576	1178	2689
577	1460	5579
578	1189	4157
578	1258	4404
579	2619	5330
580	710	6362
582	847	2799
582	701	5407
583	1391	1662
583	2170	5403
584	2975	5894
594	863	3516
597	1447	865
598	632	6775
598	780	7300
602	1974	2155
603	3513	5273
605	1856	4523
608	3622	100
608	795	4849
609	1560	1698
610	866	5568
611	2617	3991
612	2457	3602
612	839	8409
614	1703	3332
615	3570	4807
617	652	8566
619	3924	4029
620	2884	5195
621	3540	7646
622	1117	5607
624	999	2198
626	1065	9665
627	1606	6409
629	2640	9440
630	1472	3062
632	811	6042
633	1705	3143
634	1232	2660
639	2262	3771
639	692	4440
642	649	3873
643	1192	4090
643	3971	3587
645	831	1896
645	1670	3658
646	1921	3887
646	2936	3301
648	785	1209
650	697	5789
651	1234	8950
652	2354	5390
657	2180	3616
658	1611	7475
659	977	4622
661	1888	3292
662	1268	5189
662	825	6453
664	786	5383
665	1748	5950
665	1756	7586
667	2628	5953
668	856	2170
670	1986	7556
671	1162	7247
672	2132	4295
675	3724	2256
676	2213	8613
682	1892	8484
684	805	9076
684	772	7571
685	755	5806
689	2832	4811
693	3551	5858
694	1576	2081
695	1890	2763
696	3219	4051
697	842	6569
699	2018	2491
701	872	2645
702	1281	5506
703	1601	5838
703	1307	324
704	901	9972
704	1089	5079
706	929	2940
706	860	4432
713	3837	7822
715	2155	8029
716	1278	3079
718	3768	5642
719	2796	6766
722	1308	3915
722	1278	4673
723	1173	1833
725	1694	8148
726	2511	4343
727	1443	4990
735	786	9741
738	2799	1258
740	3353	8302
742	2118	6579
744	2332	6634
744	1289	6015
745	1479	4702
747	868	5616
750	1128	4976
753	884	5261
753	2420	6974
760	2306	4950
761	1453	5607
762	3725	3699
763	2872	3976
764	1722	4277
765	883	3169
766	1108	3389
766	769	5672
769	1440	1437
770	2025	2256
770	1517	7128
772	805	10099
773	1352	7285
776	2096	5243
777	1886	4572
781	1695	3373
782	1292	4905
783	1574	1845
783	881	1189
787	2020	3962
789	1582	6851
791	2120	4674
792	3898	5035
796	946	6431
806	989	6149
807	1350	7658
807	2150	5863
808	984	1954
809	1060	4033
809	1272	3205
810	3486	5645
813	1044	5789
817	1177	1157
819	1497	5051
820	3068	7156
824	1628	2654
827	2467	11031
835	2317	2271
835	2663	5131
836	1234	1270
837	1218	2917
837	1847	5323
838	2022	8937
841	2189	10219
842	915	9749
852	3314	3074
854	1742	7213
854	1871	5465
857	2274	6513
868	2067	3859
874	3019	5405
882	1298	4576
886	3480	4443
900	1091	4220
903	1799	1677
909	1139	7186
926	2397	1904
933	1084	3467
942	1891	7526
945	1983	3804
947	2368	6400
950	2379	6078
966	1060	1842
971	1544	4438
973	3650	1488
974	2498	4555
975	2641	10154
978	3442	4441
981	1924	4698
988	1853	6161
1002	1385	5434
1005	1232	4078
1008	1866	5400
1009	3747	9562
1013	2234	12376
1017	3470	1008
1021	1457	5053
1032	3216	5259
1033	1322	3677
1039	2286	6954
1041	2182	6242
1048	2233	8899
1050	1850	2074
1052	3478	2762
1069	3827	3535
1070	3265	3903
1071	2227	4530
1081	3424	6146
1090	3250	4350
1092	1989	2289
1094	2077	6071
1098	1597	2699
1100	1487	3014
1101	2532	1547
1104	1577	7791
1105	2015	4897
1107	1509	1290
1122	2955	6928
1123	3407	9852
1129	2689	8281
1133	2942	2702
1142	1860	3130
1165	2830	8775
1168	2153	5327
1170	1251	9367
1172	3883	9472
1185	3844	11506
1188	2919	5429
1191	2404	6377
1221	2362	4396
1231	1999	1730
1249	1807	1593
1256	1302	6253
1264	1654	3270
1270	1547	5917
1271	2194	4088
1279	2257	4304
1288	1701	3524
1296	1592	3886
1300	1519	3850
1313	3717	8804
1317	1513	5075
1320	2778	4405
1339	2900	3758
1355	2358	4496
1358	3850	5743
1359	2239	8312
1384	1457	5615
1386	2552	7429
1394	2248	6266
1397	2265	6857
1406	3203	9319
1420	2342	9414
1427	3720	2506
1431	2944	3558
1432	2115	7914
1438	2995	4678
1461	2154	8143
1465	1528	9807
1466	1832	7068
1474	3124	2323
1481	2172	7005
1484	3564	7349
1485	1714	3312
1495	3198	3011
1527	1864	5643
1530	3907	9479
1533	2082	5376
1536	2282	3370
1537	2229	3046
1545	2922	6016
1554	2306	5388
1557	2024	9623
1562	1682	4338
1572	2095	7033
1575	1881	1216
1581	3358	11013
1585	1782	4386
1617	3931	4231
1626	1792	10994
1637	2066	8033
1644	2845	7823
1645	1759	1182
1657	2232	9967
1687	2834	6357
1713	3227	2878
1715	2000	1933
1721	2868	832
1726	3121	1317
1736	3884	1706
1737	3986	3357
1745	1919	9950
1751	1834	2856
1779	1830	5061
1783	1998	4872
1788	2500	4146
1803	2579	8158
1810	1862	4208
1814	2057	4537
1818	2667	2276
1845	1876	3941
1852	3355	2885
1861	3627	3907
1869	1911	2693
1883	1948	4992
1884	3524	3606
1887	1981	3689
1888	2320	7723
1915	2248	3789
1944	3639	2864
1958	2269	1158
1960	3455	3728
1965	2943	11406
1968	2618	4471
1986	3086	3975
1989	2751	7074
1992	3341	6767
2001	2124	10212
2008	3104	5020
2091	3662	812
2106	2591	3045
2107	3027	11014
2125	2573	5716
2129	2409	2107
2130	3516	7703
2131	3760	3086
2137	3600	2274
2160	3654	4136
2174	2773	5173
2205	2321	3615
2235	2382	3225
2241	3519	1173
2243	3285	8002
2256	3899	5722
2257	3531	3498
2327	3751	7210
2329	2714	3769
2339	3025	7158
2341	2546	2389
2367	2895	7321
